153,1,194.2,99.7,44.0,34.3,50.0
155,1,199.3,101.7,48.7,15.2,50.2
157,1,200.5,98.1,47.2,10.3,50.2
159,1,200.8,97.9,46.2,9.6,50.3
161,1,201.0,97.8,45.3,7.0,50.3
163,1,199.0,95.8,44.7,0.0,50.4
165,1,202.8,93.7,47.5,8.9,50.5
167,1,203.3,93.3,43.4,2.3,50.5
169,1,202.5,93.4,41.2,0.0,50.5
171,1,202.1,93.6,41.7,0.4,50.4
173,1,206.5,90.4,47.0,14.1,50.5
175,1,208.9,93.4,45.2,10.1,50.5
177,1,208.1,95.3,43.5,0.4,50.4
179,1,212.8,93.8,47.9,0.3,50.5
181,1,215.4,93.2,50.3,18.4,50.6
183,1,215.6,88.9,51.4,12.0,50.8
185,1,212.9,87.4,46.1,13.2,50.9
187,1,211.6,86.2,43.6,0.8,50.9
189,1,213.4,86.1,43.9,1.9,50.9
191,1,213.7,86.3,44.9,4.3,51.0
191,2,445.5,220.6,84.2,12.3,70.2
193,1,215.4,86.8,44.4,14.3,51.0
193,2,448.7,220.6,85.9,12.6,70.0
195,1,217.3,87.0,44.1,0.1,50.9
195,2,448.5,221.0,83.7,14.2,69.8
197,1,221.6,90.3,44.8,10.4,50.8
197,2,450.7,220.2,85.5,10.1,69.9
199,1,222.9,86.8,47.0,0.0,50.8
199,2,451.8,219.2,85.9,7.9,70.3
201,1,223.3,85.4,47.9,3.5,50.9
201,2,452.1,218.2,85.1,14.3,70.7
203,1,225.2,84.2,47.0,5.2,50.9
203,2,452.2,218.8,84.2,19.5,70.3
205,1,224.1,84.2,44.8,1.0,50.9
205,2,454.2,218.4,83.7,11.7,71.0
207,1,224.7,80.3,46.1,1.5,50.9
207,2,456.9,216.3,85.4,7.0,72.3
209,1,224.8,77.8,47.7,7.0,51.2
209,2,455.9,215.2,85.1,5.6,74.2
211,1,224.9,76.8,49.6,6.5,51.4
211,2,455.3,215.5,85.2,15.8,74.6
213,1,224.3,77.8,45.8,17.4,51.3
213,2,455.8,215.3,80.7,10.2,74.5
215,1,225.6,80.1,43.3,16.1,51.3
215,2,458.2,217.2,82.3,4.2,74.6
217,1,229.7,84.8,44.3,4.4,51.3
217,2,459.4,216.0,83.8,8.8,74.6
219,1,231.5,80.0,47.9,18.1,51.3
219,2,462.6,215.8,87.0,3.5,74.7
221,1,232.2,78.1,48.8,8.3,51.3
221,2,464.0,215.8,85.1,7.0,74.8
223,1,232.7,78.8,47.4,1.3,51.2
223,2,465.4,215.8,85.2,0.4,74.9
225,1,233.6,74.5,47.4,2.0,51.2
225,2,465.2,215.9,82.6,10.3,74.9
227,1,233.5,71.8,47.7,8.1,51.3
227,2,469.2,213.8,87.3,4.3,75.1
229,1,234.7,71.2,49.1,4.6,51.4
229,2,469.9,213.5,86.0,1.9,75.1
231,1,235.2,70.9,50.2,6.9,51.6
231,2,470.1,213.3,58.5,3.9,74.3
233,1,236.3,72.2,47.0,0.4,51.7
233,2,471.4,213.0,60.4,0.3,73.4
235,1,239.0,75.3,44.4,20.6,51.7
235,2,473.2,211.9,61.7,2.4,72.7
237,1,240.9,74.0,46.6,9.3,51.7
237,2,473.2,211.5,59.1,2.1,71.9
239,1,243.0,71.8,50.2,7.4,51.8
239,2,474.8,211.7,58.8,0.3,71.1
241,1,243.7,71.0,51.0,13.7,51.9
241,2,475.3,211.8,56.3,4.9,70.2
243,1,243.9,73.2,45.6,7.8,51.8
243,2,478.2,211.5,56.6,7.9,69.3
245,1,243.0,70.4,46.1,4.0,51.9
245,2,479.2,210.4,55.4,9.5,68.4
247,1,242.6,66.3,48.3,4.6,51.9
247,2,483.8,211.5,58.2,15.1,67.6
249,1,242.8,64.1,49.4,4.0,52.0
249,2,484.8,212.4,58.7,15.5,66.7
251,1,243.1,63.3,45.8,0.5,51.9
251,2,485.2,212.4,56.0,20.9,65.8
253,1,242.9,63.0,45.3,7.6,51.9
253,2,484.0,214.3,51.2,10.9,63.7
255,1,247.1,61.0,51.7,24.3,52.1
255,2,483.7,215.1,49.0,22.6,62.4
257,1,248.3,63.0,47.5,12.3,52.2
257,2,487.0,212.7,51.7,13.9,61.3
259,1,248.7,63.7,44.6,1.7,52.1
259,2,488.4,212.5,52.4,12.3,60.2
261,1,248.9,64.0,40.8,10.7,51.9
261,2,488.9,212.4,51.8,4.7,59.2
263,1,253.2,63.5,47.5,2.9,51.9
263,2,492.4,210.4,57.5,4.9,58.5
265,1,255.5,60.3,51.1,7.7,52.0
265,2,493.3,210.0,57.1,2.9,57.8
267,1,255.9,59.8,49.9,5.8,52.1
267,2,493.3,208.8,51.4,3.3,56.9
269,1,253.7,57.0,49.4,0.2,52.1
269,2,495.5,210.8,51.0,8.8,56.1
271,1,252.8,56.0,48.3,13.0,52.0
271,2,496.0,210.9,48.1,14.4,55.8
273,1,256.4,55.6,50.4,18.3,52.1
273,2,497.1,209.9,50.2,15.0,55.6
275,1,260.0,53.6,53.0,4.6,52.3
275,2,499.4,209.2,50.2,17.0,55.3
277,1,259.2,54.7,48.9,11.2,52.4
277,2,503.4,210.8,52.8,17.2,55.1
279,1,262.3,56.5,48.6,3.3,52.4
279,2,504.3,211.5,52.5,16.9,55.0
281,1,263.5,57.2,46.6,7.2,52.2
281,2,504.7,211.8,52.5,15.1,54.9
283,1,264.6,56.2,48.8,2.7,52.3
283,2,504.1,211.3,50.5,20.0,54.7
285,1,266.9,56.2,48.4,15.3,52.4
285,2,503.2,210.1,47.4,7.6,54.5
287,1,264.7,54.2,46.1,11.4,52.3
287,2,506.1,210.0,51.4,1.9,54.4
289,1,263.5,50.2,46.9,1.4,52.3
289,2,507.4,210.3,52.2,0.5,54.2
291,1,263.0,48.7,48.6,2.3,52.3
291,2,507.9,210.4,52.2,7.4,54.2
293,1,265.5,46.5,52.5,1.0,52.5
293,2,509.7,209.1,51.6,8.4,54.2
295,1,266.8,46.4,53.0,7.6,52.5
295,2,512.3,205.2,53.9,8.7,54.3
297,1,267.5,47.6,48.8,4.9,52.6
297,2,512.5,205.2,51.0,9.7,54.3
299,1,274.1,52.5,49.4,16.4,52.7
299,2,513.2,207.3,50.6,4.5,54.2
301,1,276.5,54.4,50.1,14.2,52.9
301,2,513.5,208.0,48.5,5.1,54.1
303,1,275.7,52.5,47.4,10.7,52.9
303,2,514.5,206.7,49.8,4.0,53.9
305,1,276.3,47.9,49.2,1.1,52.9
305,2,515.2,206.8,46.5,6.6,53.7
307,1,274.9,47.4,46.6,10.9,52.8
307,2,519.4,206.9,50.5,2.9,53.7
309,1,272.8,42.1,46.4,8.4,52.7
309,2,520.2,206.9,50.5,2.2,53.6
311,1,272.0,40.2,48.2,2.8,52.7
311,2,520.5,206.9,49.4,0.8,53.7
313,1,275.5,39.6,51.6,5.1,52.8
313,2,520.6,208.6,47.1,1.7,53.6
315,1,277.4,38.4,50.9,3.4,52.7
315,2,522.5,206.6,49.3,10.0,53.6
317,1,278.4,40.9,46.8,6.7,52.6
317,2,524.2,205.5,50.4,16.7,53.5
319,1,282.0,44.1,46.6,0.8,52.6
319,2,525.5,204.1,50.5,18.4,53.5
321,1,283.3,45.5,48.8,8.9,52.7
321,2,525.9,203.6,47.7,20.9,53.3
323,1,285.5,41.5,51.0,7.0,52.7
323,2,530.3,203.0,51.5,14.5,53.4
325,1,286.2,42.4,50.1,0.0,52.7
325,2,529.6,202.2,46.9,12.0,53.4
327,1,286.1,38.2,51.1,6.1,52.9
327,2,531.6,203.2,47.9,11.3,53.3
329,1,288.4,36.7,52.5,11.2,53.1
329,2,534.0,204.3,48.7,7.8,53.2
331,1,289.2,36.2,54.2,13.8,53.2
331,2,534.8,205.0,51.8,1.8,53.2
333,1,288.8,35.4,48.5,11.7,53.1
333,2,534.5,203.7,52.4,13.8,53.2
335,1,289.9,36.1,48.5,11.7,52.9
335,2,537.5,204.2,51.6,12.8,53.1
337,1,290.3,37.7,49.4,20.2,53.0
337,2,540.6,203.7,52.8,2.9,53.2
339,1,294.4,36.7,53.9,25.3,53.1
339,2,540.1,205.1,52.5,2.8,53.2
341,1,295.9,37.4,49.4,10.3,53.1
341,2,539.8,205.7,47.3,8.0,53.2
343,1,297.1,37.0,47.9,6.3,53.1
343,2,543.0,204.9,50.2,3.7,53.2
345,1,297.1,37.2,47.4,8.8,53.1
345,2,545.1,204.3,52.2,0.0,53.4
347,1,301.4,35.3,52.8,24.7,53.2
347,2,546.0,203.5,50.5,2.2,53.4
349,1,301.5,33.1,53.7,23.3,53.4
349,2,548.1,202.1,53.6,1.0,53.4
351,1,301.6,32.8,50.5,25.0,53.5
351,2,548.5,201.3,51.6,11.5,53.5
353,1,299.9,32.7,45.2,24.6,53.3
353,2,551.0,200.0,52.0,6.6,53.6
355,1,302.9,32.7,48.3,17.9,53.2
355,2,552.5,201.8,49.8,5.3,53.6
357,1,304.7,32.4,48.4,4.7,53.3
357,2,556.1,203.1,52.6,16.6,53.7
359,1,305.3,33.3,48.4,2.4,53.3
359,2,556.3,200.7,53.2,15.3,53.7
361,1,305.4,33.7,47.0,13.7,53.3
361,2,556.0,199.8,53.4,8.4,53.9
363,1,303.8,32.5,44.1,4.5,53.1
363,2,560.7,200.5,57.9,13.4,54.0
365,1,307.1,31.7,48.8,17.6,53.1
365,2,562.5,200.7,56.7,8.0,54.3
367,1,310.8,32.0,50.3,18.9,53.1
367,2,562.8,202.5,55.6,9.0,54.4
369,1,312.3,32.2,51.5,14.9,53.0
369,2,563.5,201.2,56.7,2.6,54.6
371,1,312.9,32.3,49.0,18.4,52.8
371,2,563.6,201.0,54.6,9.6,54.7
373,1,311.8,30.1,47.8,8.2,52.8
373,2,566.7,200.0,54.3,7.5,54.8
375,1,315.8,28.6,51.6,3.7,52.9
375,2,567.0,199.2,55.3,4.3,54.8
377,1,315.4,30.3,46.5,22.7,52.8
377,2,570.1,197.3,57.9,10.7,55.0
379,1,316.5,32.0,45.7,28.4,52.6
379,2,571.3,195.0,59.4,10.8,55.1
381,1,316.9,32.0,46.1,16.8,52.6
381,2,571.6,194.8,58.2,15.7,55.4
383,1,316.7,33.3,42.4,13.6,52.4
383,2,571.0,195.7,57.1,15.3,55.6
385,1,321.4,34.7,48.8,21.1,52.4
385,2,569.7,196.8,51.0,9.7,55.6
387,1,322.9,34.7,50.6,20.0,52.4
387,2,573.4,195.6,54.1,7.5,55.7
389,1,323.4,34.0,51.5,18.0,52.3
389,2,578.9,195.4,59.0,1.2,55.8
391,1,323.0,33.7,47.4,18.7,52.3
391,2,580.8,195.3,61.4,9.1,56.0
393,1,326.6,34.9,49.2,18.3,52.4
393,2,582.5,196.3,60.8,0.0,56.2
395,1,327.6,32.6,49.6,17.1,52.4
395,2,581.4,195.7,57.9,14.2,56.4
397,1,328.0,31.5,47.8,19.4,52.4
397,2,580.5,198.2,55.3,2.6,56.5
399,1,326.8,36.2,43.9,36.7,52.3
399,2,582.2,197.2,57.3,3.0,56.6
401,1,326.2,38.2,41.1,41.2,52.1
401,2,582.8,197.4,52.3,2.1,56.5
403,1,331.1,37.9,45.3,41.7,52.4
403,2,584.6,198.5,55.1,1.7,56.5
405,1,330.2,38.7,44.0,30.7,52.5
405,2,585.6,197.2,54.3,10.4,56.4
407,1,331.7,38.7,43.0,27.0,52.5
407,2,587.9,195.7,54.7,8.3,56.4
409,1,334.2,41.9,45.3,32.1,52.6
409,2,591.4,195.2,57.9,4.2,56.4
411,1,334.8,43.1,46.7,41.7,52.1
411,2,592.6,195.0,58.7,3.8,56.5
413,1,336.6,44.2,47.7,54.4,50.9
413,2,590.1,194.6,53.9,2.8,56.5
415,1,338.9,40.3,48.1,39.1,48.8
415,2,592.0,194.4,52.8,3.5,56.5
417,1,339.5,37.7,45.0,22.6,48.8
417,2,595.7,194.1,56.1,15.5,56.4
419,1,341.5,37.3,46.0,29.4,48.6
419,2,600.4,195.3,61.8,20.9,56.5
421,1,342.3,37.1,45.0,20.6,48.3
421,2,602.1,195.7,59.7,17.8,56.5
423,1,344.2,39.0,47.0,19.4,47.8
423,2,601.6,196.9,56.6,18.4,56.5
425,1,343.1,41.8,42.4,21.2,47.8
425,2,599.3,196.0,54.6,15.9,56.6
427,1,341.6,43.5,41.2,29.1,47.1
427,2,599.8,195.7,51.5,13.1,56.5
429,1,339.1,44.4,39.8,30.2,46.0
429,2,601.6,195.9,53.3,10.6,56.4
431,1,338.2,44.7,40.8,35.6,45.0
431,2,602.2,195.9,52.2,2.5,56.1
433,1,343.2,44.2,42.7,36.9,45.0
433,2,602.1,196.3,50.2,14.4,55.9
435,1,346.2,43.6,43.4,34.8,45.0
435,2,604.0,195.5,48.7,4.6,55.7
437,1,349.2,41.2,44.7,4.1,45.0
437,2,605.3,194.8,49.4,0.8,55.6
439,1,351.4,42.1,46.9,4.3,45.4
439,2,605.2,195.9,49.2,0.6,55.4
441,1,352.2,42.4,50.0,3.3,48.7
441,2,605.0,196.3,45.2,0.7,55.2
443,1,353.4,40.6,46.9,12.0,50.5
443,2,605.6,194.8,43.4,1.1,54.9
445,1,350.0,43.5,40.5,0.4,50.7
445,2,606.1,194.2,44.7,12.6,54.6
447,1,347.5,47.2,38.1,2.5,50.9
447,2,606.3,192.7,43.9,0.8,54.4
449,1,351.3,49.0,42.2,10.2,51.2
449,2,605.3,194.5,42.6,13.6,54.0
451,1,352.6,49.6,45.2,11.9,50.7
451,2,605.0,194.8,39.3,11.8,53.6
453,1,352.5,49.2,42.5,5.2,50.0
453,2,607.4,193.3,40.4,7.5,53.2
455,1,353.1,46.7,41.2,16.5,49.7
455,2,610.0,194.4,40.1,6.8,52.8
457,1,357.1,45.4,43.0,15.3,49.7
457,2,612.3,195.8,41.0,0.0,52.5
459,1,359.6,45.2,45.2,12.2,49.6
459,2,613.4,197.6,42.1,8.5,51.9
461,1,360.6,45.5,45.6,8.5,49.7
461,2,613.8,198.3,42.1,7.6,51.4
463,1,358.2,45.6,38.6,2.7,49.3
463,2,613.0,200.5,43.2,22.9,51.1
465,1,355.4,48.5,35.8,5.7,49.1
465,2,612.6,196.2,39.0,4.4,50.6
467,1,354.9,51.3,35.8,9.5,48.9
467,2,611.4,194.8,33.0,5.7,50.1
469,1,356.0,53.3,39.4,7.9,48.9
469,2,612.9,194.6,32.0,5.7,49.4
471,1,356.5,54.1,36.1,7.1,48.8
471,2,613.5,194.5,31.1,10.3,48.7
473,1,357.6,52.4,36.1,9.2,48.6
473,2,617.3,193.2,36.1,8.7,48.2
475,1,361.5,48.5,38.0,5.8,48.4
475,2,619.1,192.3,39.5,1.0,47.9
477,1,363.7,46.4,38.3,4.9,48.2
477,2,618.4,188.4,37.1,23.3,47.4
479,1,365.8,51.0,40.8,22.9,47.9
479,2,617.7,185.1,37.0,40.0,46.9
481,1,366.6,52.9,38.1,34.9,47.5
481,2,617.4,184.0,35.8,29.0,46.5
483,1,365.1,52.4,37.7,14.6,47.1
483,2,614.5,182.3,32.6,48.2,46.0
485,1,363.6,54.6,35.8,5.7,46.9
485,2,620.1,193.5,33.1,13.1,45.5
487,1,358.7,58.7,29.4,32.6,46.5
487,2,623.3,201.4,32.6,25.3,45.0
489,1,362.2,59.6,32.2,26.6,46.1
489,2,623.8,200.6,31.6,18.4,45.0
491,1,363.4,60.2,31.4,27.6,45.5
491,2,623.9,200.5,33.5,27.0,45.0
493,1,364.5,59.8,32.2,28.0,45.0
493,2,621.0,200.7,29.6,28.6,45.0
495,1,368.5,57.3,35.2,23.5,45.0
495,2,619.3,199.2,24.5,26.4,45.0
497,1,370.1,55.1,34.1,18.3,45.0
497,2,620.8,200.8,20.6,14.5,45.0
497,3,175.3,67.9,38.1,25.3,45.0
499,1,370.9,59.0,35.6,30.5,45.0
499,2,622.1,198.8,20.2,15.3,45.0
499,3,176.3,65.7,36.2,40.0,45.0
501,1,371.2,60.6,34.2,25.9,45.0
501,2,622.9,198.0,21.0,36.7,45.0
501,3,176.7,65.2,35.8,40.3,45.0
503,1,370.6,58.3,31.9,3.4,45.0
503,2,627.3,180.1,31.8,51.2,45.0
503,3,180.6,63.0,34.4,47.9,45.0
505,1,367.7,59.2,30.5,0.0,45.0
505,2,628.3,177.8,34.1,40.2,45.0
505,3,181.2,66.0,37.6,23.4,45.0
507,1,366.3,64.8,33.6,19.8,45.0
507,3,180.0,68.9,34.7,6.8,45.0
509,1,363.7,67.3,34.0,32.6,45.0
509,3,179.2,71.5,35.5,22.0,45.0
511,1,363.8,66.6,29.7,37.1,45.0
511,3,178.9,72.5,35.8,3.9,45.0
513,1,364.1,66.3,29.2,62.1,45.0
513,3,183.1,70.5,37.2,30.1,45.0
515,1,370.8,68.0,34.2,52.7,45.0
515,3,183.7,72.0,38.3,41.1,45.0
517,1,372.1,69.0,33.4,39.0,45.0
517,3,182.5,75.3,35.2,44.8,45.0
519,1,373.5,65.7,31.1,26.2,45.0
519,3,180.2,76.1,33.3,43.3,45.0
521,1,374.7,64.8,31.9,8.1,45.0
521,3,179.2,76.0,33.1,42.7,45.0
523,1,372.5,64.7,31.1,9.9,45.0
523,3,179.1,79.3,37.6,13.4,45.0
525,1,372.0,71.5,33.9,0.0,45.0
525,3,183.1,79.4,36.1,5.3,45.0
527,1,373.1,74.2,34.1,8.7,45.0
527,3,185.2,79.5,36.1,7.1,45.0
529,1,371.2,75.1,32.2,16.9,45.0
529,3,186.9,78.6,35.8,5.9,45.0
531,1,370.5,75.4,31.6,29.6,45.0
531,3,187.6,78.5,36.1,15.9,45.0
533,1,373.4,74.5,34.4,37.4,45.0
533,3,185.9,76.5,33.3,31.8,45.0
535,1,375.2,78.7,37.6,40.2,45.0
535,3,183.3,75.4,27.2,15.3,45.0
537,1,377.2,76.3,35.8,15.8,45.0
537,3,182.9,79.7,28.0,24.8,45.0
539,1,378.0,74.8,33.6,13.1,45.0
539,3,183.7,82.8,30.2,29.0,45.0
541,1,378.2,74.1,35.2,16.1,45.0
541,3,183.7,83.9,33.3,53.4,45.0
543,1,380.2,73.9,35.4,4.6,45.0
543,3,184.3,83.9,33.8,45.5,45.0
545,1,379.6,79.9,37.5,1.8,45.0
545,3,185.2,84.5,35.5,22.3,45.0
547,1,381.2,80.2,36.8,27.6,45.0
547,3,185.2,84.1,34.5,8.1,45.0
549,1,381.3,80.0,35.4,23.9,45.0
549,3,186.8,83.6,33.6,9.5,45.0
551,1,381.3,79.9,36.1,26.0,45.0
551,3,187.1,83.4,33.0,29.9,45.0
553,1,379.9,83.2,39.4,6.7,45.0
553,3,186.3,81.7,29.2,28.5,45.0
555,1,381.4,86.1,43.9,4.3,45.0
555,3,185.6,81.7,25.5,20.6,45.0
557,1,381.3,88.1,41.2,8.9,45.0
557,3,185.6,85.1,29.7,20.0,45.0
559,1,382.2,87.2,38.5,14.5,45.0
559,3,187.0,86.2,31.8,14.1,45.0
561,1,382.5,86.8,38.0,5.8,45.0
561,3,187.4,86.6,31.1,5.8,45.0
563,1,388.2,84.7,39.1,27.4,45.0
563,3,187.3,86.1,27.0,13.1,45.0
565,1,390.4,88.1,43.9,7.4,45.0
565,3,189.1,86.8,27.8,11.2,45.0
567,1,391.1,86.1,39.6,31.8,45.0
567,3,187.6,91.0,31.3,36.5,45.0
569,1,389.7,85.9,36.1,37.2,45.0
569,3,185.2,93.3,32.0,48.5,45.0
571,1,389.1,86.4,36.8,22.2,45.2
571,3,184.7,93.4,31.6,43.6,45.0
573,1,389.6,88.6,37.4,36.0,45.4
573,3,182.9,91.1,26.6,51.6,45.0
575,1,388.7,91.1,40.2,17.8,45.5
575,3,182.5,92.8,26.0,30.3,45.0
577,1,388.7,92.7,37.6,6.4,45.6
577,3,183.7,93.8,28.9,22.4,45.0
579,1,387.0,93.9,36.2,3.7,45.7
579,3,183.5,96.4,31.8,21.3,45.0
581,1,386.3,94.3,39.4,17.7,45.8
581,3,183.4,97.4,34.1,15.4,45.0
583,1,391.4,94.8,42.4,7.7,46.2
583,3,181.8,96.4,30.0,31.0,45.0
585,1,395.6,94.9,41.7,1.8,46.4
585,3,180.5,95.7,27.0,45.0,45.0
587,1,396.5,95.3,43.3,13.2,46.6
587,3,178.7,96.1,25.0,61.9,45.0
589,1,397.8,93.8,43.4,5.3,46.9
589,3,176.4,100.8,28.1,72.2,45.0
591,1,398.6,93.1,43.4,20.8,47.3
591,3,176.3,102.6,32.8,40.7,45.0
593,1,400.2,93.5,39.1,38.3,47.3
593,3,177.2,103.5,31.6,32.5,45.0
595,1,402.1,94.7,39.7,49.8,47.1
595,3,179.8,102.9,27.2,36.1,45.0
597,1,401.0,94.4,39.6,46.5,47.3
597,3,181.2,103.9,27.0,47.4,45.0
599,1,398.2,98.6,41.6,33.1,47.5
599,3,181.4,104.9,28.1,57.1,45.0
601,1,397.2,100.2,43.8,9.3,47.8
601,3,181.5,105.3,26.1,66.3,45.0
603,1,401.1,101.7,42.4,7.9,47.8
603,3,183.1,103.5,24.0,60.0,45.0
605,1,402.6,102.6,40.3,21.8,47.8
605,3,183.8,104.0,25.1,26.6,45.0
607,1,404.1,101.6,42.0,17.8,47.8
607,3,184.0,107.5,29.1,0.3,45.0
609,1,407.8,103.8,46.4,13.3,48.0
609,3,182.4,109.1,31.4,4.2,45.0
611,1,409.3,104.6,46.9,2.5,48.3
611,3,181.8,109.7,33.2,8.1,45.0
613,1,410.1,100.9,41.3,22.8,48.4
613,3,179.6,110.2,35.2,6.1,45.0
613,4,449.3,341.6,87.8,12.7,77.1
615,1,410.1,100.8,40.8,35.5,48.5
615,3,182.1,109.7,30.0,7.7,45.0
615,4,448.0,338.5,84.3,21.0,77.0
617,1,410.7,102.0,43.3,44.1,48.9
617,3,183.4,114.8,32.0,0.0,45.0
617,4,447.4,339.3,82.6,15.5,76.7
619,1,411.9,105.9,45.3,44.4,49.8
619,3,183.2,117.4,34.0,0.0,45.0
619,4,445.8,337.2,84.2,18.9,76.5
621,1,412.3,107.3,46.7,30.6,49.9
621,3,183.1,118.2,35.0,18.2,45.0
621,4,445.3,336.5,84.2,13.7,76.3
623,1,411.4,108.7,43.2,2.0,50.0
623,3,181.1,117.5,33.2,27.0,45.0
623,4,439.9,335.9,86.1,17.3,76.3
625,1,409.0,109.6,40.3,2.1,49.9
625,3,180.0,118.8,34.5,32.9,45.0
625,4,437.9,334.7,86.7,23.6,76.3
627,1,415.5,108.9,44.7,1.4,50.1
627,3,177.2,123.3,41.0,33.0,45.0
627,4,436.6,334.3,84.0,19.1,76.2
629,1,418.4,109.3,47.6,0.8,50.2
629,3,180.0,123.9,40.8,38.2,45.0
629,4,432.9,337.0,86.5,10.2,76.3
631,1,419.5,109.4,47.7,14.6,50.2
631,3,180.9,124.1,43.4,30.4,45.0
631,4,431.5,338.2,84.3,10.1,76.3
633,1,420.2,107.1,44.3,15.0,50.1
633,3,182.3,124.1,43.1,23.7,45.0
633,4,431.1,334.7,85.9,12.1,76.2
635,1,424.0,103.4,44.6,3.8,49.8
635,3,182.5,128.0,43.1,14.8,45.0
635,4,428.7,334.7,83.4,5.0,76.1
637,1,425.4,105.7,46.6,20.0,50.0
637,3,184.5,125.8,39.1,23.7,45.0
637,4,426.9,333.8,81.7,9.3,75.9
639,1,423.6,106.7,45.6,30.0,50.1
639,3,186.5,126.3,40.0,30.9,45.0
639,4,424.3,332.1,81.7,13.9,75.7
641,1,423.0,107.0,40.5,39.2,50.0
641,3,187.3,126.4,40.0,23.1,45.0
641,4,423.4,331.5,85.9,10.1,75.6
643,1,422.0,112.0,39.4,25.2,50.1
643,3,188.0,130.7,44.0,27.2,45.0
643,4,419.9,333.9,85.6,1.0,75.5
645,1,421.9,115.6,41.7,9.6,50.0
645,3,188.2,133.0,42.0,19.4,45.0
645,4,416.6,333.2,86.3,3.9,75.4
647,1,422.5,117.2,46.0,2.0,50.0
647,3,188.6,131.1,38.1,25.9,45.2
647,4,417.4,331.9,83.4,4.4,75.3
649,1,423.0,116.2,45.3,1.4,50.0
649,3,188.0,131.4,38.2,28.3,45.6
649,4,412.3,331.8,87.1,4.5,75.3
651,1,423.2,115.7,43.4,19.3,49.9
651,3,187.8,131.4,40.3,29.8,46.1
651,4,410.4,331.8,87.1,1.7,75.3
653,1,426.2,118.4,46.6,26.1,50.1
653,3,185.3,135.4,43.1,6.6,46.4
653,4,409.0,330.1,86.8,5.0,75.3
655,1,427.0,119.5,47.4,20.6,50.3
655,3,183.7,136.9,43.0,0.0,47.1
655,4,407.6,328.9,82.9,4.4,75.2
657,1,430.3,116.5,49.6,4.4,50.5
657,3,182.2,137.0,41.0,2.9,47.5
657,4,405.5,330.1,82.0,11.1,75.2
659,1,431.4,113.9,48.8,9.0,50.6
659,3,180.3,137.4,40.1,9.0,47.9
659,4,402.9,330.8,84.2,16.2,75.2
661,1,431.9,113.1,44.3,21.0,50.5
661,3,179.6,137.5,41.0,5.7,48.0
661,4,401.6,331.8,84.2,12.8,75.2
663,1,435.2,113.1,44.3,38.2,50.5
663,3,179.0,138.1,43.0,2.5,48.2
663,4,401.5,329.3,82.0,13.7,75.1
665,1,434.8,119.9,44.9,4.3,50.7
665,3,181.2,142.0,46.1,14.0,48.5
665,4,399.2,324.2,81.6,7.9,74.9
667,1,436.7,120.9,47.4,5.9,50.8
667,3,182.4,143.8,43.4,1.1,48.4
667,4,393.1,324.8,87.0,2.0,75.0
669,1,435.8,123.7,47.6,3.9,50.8
669,3,182.1,145.8,43.4,4.9,48.5
669,4,393.5,323.0,86.0,7.5,75.0
671,1,435.9,124.6,46.8,13.6,50.8
671,3,182.0,146.3,43.3,13.4,48.5
671,4,393.8,322.1,82.5,3.0,74.9
673,1,433.6,130.2,47.5,46.5,50.8
673,3,180.6,147.2,45.0,12.6,48.6
673,4,393.0,320.7,82.5,4.1,74.8
675,1,434.3,130.6,49.5,46.5,51.1
675,3,179.1,147.1,44.0,20.6,48.6
675,4,385.5,321.9,83.5,0.8,74.8
677,1,437.1,128.8,49.2,39.8,51.4
677,3,177.9,146.2,42.2,37.0,48.7
677,4,383.4,320.7,83.2,3.9,74.9
679,1,441.1,126.5,51.1,33.0,51.6
679,3,177.1,145.7,40.2,43.7,48.7
679,4,381.7,317.2,85.4,4.4,75.0
681,1,442.7,125.5,47.5,9.5,51.4
681,3,176.5,145.5,42.6,44.7,48.8
681,4,381.6,316.0,85.1,8.2,74.9
683,1,444.9,129.6,49.9,3.1,51.7
683,3,176.0,147.0,43.7,52.7,48.9
683,4,378.2,316.7,83.5,10.4,74.9
685,1,446.0,130.2,51.0,13.2,51.9
685,3,177.4,149.5,42.6,40.9,49.1
685,4,380.2,315.0,80.7,10.3,74.7
687,1,445.6,129.6,46.0,8.5,51.9
687,3,179.3,151.1,42.1,39.5,49.4
687,4,373.9,314.7,82.5,9.2,74.7
689,1,445.2,129.1,43.8,5.7,51.9
689,3,182.0,152.0,43.0,31.2,49.6
689,4,370.3,317.8,82.6,4.9,74.5
691,1,445.0,128.9,44.8,20.6,51.9
691,3,183.0,153.0,42.2,20.2,49.6
691,4,369.0,319.0,83.9,0.4,74.4
693,1,445.5,129.4,45.5,19.1,51.9
693,3,183.1,155.9,46.0,2.1,49.6
693,4,369.2,313.4,81.9,7.5,74.3
695,1,445.0,134.1,47.4,15.2,51.9
695,3,179.4,155.4,41.2,7.0,49.6
695,4,363.5,311.1,88.5,12.2,74.4
697,1,444.5,136.4,45.3,38.7,51.9
697,3,176.5,155.2,38.6,4.0,49.5
697,4,362.3,309.4,87.6,18.5,74.6
699,1,444.0,137.8,43.1,45.9,52.3
699,3,177.3,158.6,40.4,6.4,49.5
699,4,361.6,307.8,88.9,24.5,74.8
701,1,443.7,138.3,43.9,60.5,52.2
701,3,177.6,160.2,43.2,0.2,49.5
701,4,361.4,307.2,82.9,19.8,74.7
703,1,450.0,137.2,48.8,28.4,52.5
703,3,176.1,161.4,43.1,19.5,49.7
703,4,361.7,308.9,80.3,8.1,74.7
705,1,454.9,135.0,47.4,10.1,52.5
705,3,173.3,158.9,35.2,45.0,49.8
705,4,357.4,308.0,83.2,10.9,74.7
707,1,454.4,134.5,43.8,9.4,52.3
707,3,169.0,159.6,37.4,50.6,49.0
707,4,354.8,303.4,85.1,7.4,74.7
709,1,455.2,133.0,43.3,18.9,52.0
709,3,168.3,162.1,39.8,46.4,48.6
709,4,350.9,304.4,87.8,0.1,74.7
711,1,454.8,133.1,42.8,52.4,50.9
711,3,168.1,163.0,41.4,31.9,48.5
711,4,349.5,304.5,87.3,0.7,74.9
713,1,458.5,138.6,49.5,49.4,50.7
713,3,168.1,163.3,37.7,25.5,47.7
713,4,347.1,303.2,86.7,8.5,75.0
715,1,455.8,138.1,44.6,33.4,51.4
715,3,167.1,165.7,43.5,9.3,48.2
715,4,348.2,300.2,84.7,12.9,75.1
717,1,455.3,138.3,45.3,7.4,51.7
717,3,165.4,167.2,46.1,3.3,48.5
717,4,345.5,301.3,84.9,4.7,75.1
719,1,457.9,141.8,49.5,3.3,52.3
719,3,166.2,169.5,47.9,7.4,49.0
719,4,341.6,300.8,87.7,2.1,75.2
721,1,458.9,143.2,48.2,5.7,52.3
721,3,166.5,170.2,45.2,13.8,49.5
721,4,340.1,300.6,85.6,0.3,75.2
723,1,462.6,142.7,49.1,5.9,52.3
723,3,167.6,170.5,42.5,9.0,49.1
723,4,337.7,299.3,86.0,8.6,75.3
725,1,464.2,140.0,47.4,0.2,52.0
725,3,170.4,170.8,43.0,1.1,48.8
725,4,335.2,296.5,89.2,4.2,75.6
727,1,464.8,141.8,48.0,1.7,51.9
727,3,171.5,175.3,47.2,5.1,48.8
727,4,333.0,293.2,87.7,14.5,75.7
729,1,466.0,142.8,49.9,4.4,52.0
729,3,168.5,175.5,47.9,22.3,49.0
729,4,329.3,293.6,89.5,17.7,76.0
731,1,466.3,143.1,47.2,3.6,51.8
731,3,167.1,175.6,43.9,32.9,49.1
731,4,327.3,294.5,89.6,1.3,76.2
733,1,464.7,146.3,45.8,7.5,51.7
733,3,166.2,173.6,40.7,23.9,48.9
733,4,327.6,291.6,88.1,7.9,76.4
735,1,464.4,150.4,48.1,20.0,51.8
735,3,165.3,175.4,41.6,10.4,49.0
735,4,327.9,287.2,89.1,6.1,76.4
737,1,467.3,150.9,51.6,35.0,51.9
737,3,164.6,179.7,44.9,23.6,49.3
737,4,323.1,287.9,89.9,1.5,76.5
739,1,469.0,151.4,53.7,37.8,52.0
739,3,163.0,182.0,46.8,28.7,49.8
739,4,323.2,285.9,90.6,0.9,76.5
741,1,469.7,151.9,51.0,24.8,52.2
741,3,162.5,182.8,47.2,26.3,50.3
741,4,323.4,285.2,89.6,3.5,76.7
743,1,470.8,148.9,46.2,0.4,52.1
743,3,160.6,181.4,44.3,2.9,50.0
743,4,318.7,281.7,91.7,13.8,77.1
745,1,474.5,151.8,49.0,2.5,52.1
745,3,158.7,179.5,43.3,10.3,49.9
745,4,316.2,282.1,87.7,0.6,77.3
747,1,476.2,150.9,49.1,12.4,52.3
747,3,158.2,181.7,43.3,11.7,49.9
747,4,315.1,279.0,90.0,12.8,77.5
749,1,475.4,149.2,47.2,12.0,52.4
749,3,159.8,186.1,46.1,18.1,50.1
749,4,311.0,275.5,94.5,15.1,77.7
751,1,475.2,148.9,45.7,12.7,52.4
751,3,160.4,187.8,44.7,18.4,50.2
751,4,309.6,274.3,94.9,16.7,78.0
753,1,473.1,153.9,45.3,19.0,52.3
753,3,160.3,188.0,44.3,16.0,50.4
753,4,310.9,274.6,88.5,4.8,78.1
755,1,474.2,155.9,45.8,12.8,52.4
755,3,160.9,187.4,44.4,15.7,50.5
755,4,311.4,271.5,87.1,14.9,78.1
757,1,475.9,156.6,45.3,3.3,52.4
757,3,161.5,191.0,48.7,11.8,50.5
757,4,306.0,271.6,88.0,16.6,78.3
759,1,479.7,156.9,48.3,16.6,52.3
759,3,160.1,193.4,50.6,7.2,50.6
759,4,304.1,268.8,90.7,20.3,78.3
761,1,481.2,156.9,45.8,0.5,52.3
761,3,159.6,194.2,49.6,0.7,50.7
761,4,303.4,267.7,89.6,20.7,78.5
763,1,482.8,157.6,45.0,18.4,52.2
763,3,157.4,193.2,48.3,11.0,50.9
763,4,301.6,267.4,91.9,18.7,78.7
765,1,485.0,156.8,47.4,4.6,52.2
765,3,157.2,192.5,46.5,21.0,51.0
765,4,299.9,265.0,88.8,11.8,78.7
767,1,484.4,154.7,46.3,0.7,52.1
767,3,159.8,193.4,46.5,2.9,51.0
767,4,299.7,261.2,90.4,16.5,78.8
769,1,482.6,157.6,47.0,5.6,52.0
769,3,159.9,196.4,50.1,14.0,51.1
769,4,294.4,260.2,94.6,14.5,79.0
771,1,481.8,158.7,46.2,6.6,52.0
771,3,159.9,197.5,48.4,27.1,51.2
771,4,292.5,259.8,94.0,14.8,79.1
773,1,482.5,161.4,45.8,8.7,52.0
773,3,159.9,199.2,48.3,21.0,51.4
773,4,291.2,259.4,88.8,4.2,79.1
775,1,482.0,163.1,46.6,9.6,51.9
775,3,158.3,200.1,48.5,10.6,51.6
775,4,288.4,255.4,91.6,13.0,79.2
777,1,483.1,165.6,48.8,16.7,51.9
777,3,154.1,202.4,49.6,8.1,51.7
777,4,284.7,255.0,93.5,8.4,79.3
779,1,483.6,164.3,47.7,16.3,51.7
779,3,153.8,205.6,51.0,12.9,51.8
779,4,284.6,253.5,94.0,9.3,79.5
781,1,483.7,163.8,42.8,21.4,51.5
781,3,153.7,206.7,50.5,23.0,51.9
781,4,284.5,253.0,95.2,8.3,79.7
783,1,489.9,163.5,44.8,0.0,51.4
783,3,155.7,206.4,51.3,29.2,52.1
783,4,282.3,250.5,94.8,10.9,79.8
785,1,492.3,166.7,49.7,9.0,51.4
785,3,157.4,205.2,47.5,24.2,52.2
785,4,280.2,250.0,91.0,6.0,79.9
787,1,493.5,163.5,48.4,0.8,51.4
787,3,161.5,202.9,40.6,27.7,52.2
787,4,277.5,250.2,90.8,0.3,79.9
789,1,491.2,163.0,47.0,5.6,51.4
789,3,162.9,203.5,40.4,25.6,52.0
789,4,273.5,249.7,93.8,2.1,79.9
791,1,491.0,162.7,40.8,18.4,51.3
791,3,164.1,204.0,41.2,31.7,51.9
791,4,272.2,249.5,92.4,4.7,79.9
793,1,496.5,165.9,49.1,17.4,51.4
793,3,163.2,206.6,41.2,26.6,51.8
793,4,271.4,246.5,94.0,6.1,80.1
795,1,495.5,168.9,50.0,11.0,51.5
795,3,161.2,208.8,41.2,9.5,51.7
795,4,271.2,245.1,92.8,1.0,80.2
797,1,493.7,169.9,45.6,8.6,51.6
797,3,159.8,209.6,40.6,10.5,51.5
797,4,265.5,244.6,94.4,9.2,80.5
799,1,493.1,171.6,44.8,21.9,51.4
799,3,163.5,211.2,41.1,29.5,51.2
799,4,265.4,244.4,93.6,10.5,80.6
801,1,492.9,172.2,42.4,19.4,51.3
801,3,164.9,211.7,41.1,44.7,51.4
801,4,265.4,244.4,90.6,9.1,80.6
803,1,495.1,174.0,46.8,18.2,51.4
803,3,164.8,211.9,41.4,50.8,51.9
803,4,262.6,242.5,90.8,8.9,80.6
805,1,498.2,172.7,46.0,19.1,51.3
805,3,163.7,214.6,39.8,44.5,51.2
805,4,257.2,238.4,93.8,14.6,80.8
807,1,500.6,171.6,45.5,3.5,51.3
807,3,161.9,217.2,42.6,28.6,50.8
807,4,256.4,237.0,92.0,12.1,80.8
809,1,503.1,170.8,45.8,16.4,51.3
809,3,160.6,217.8,42.6,22.8,50.4
809,4,254.5,236.9,93.2,13.8,80.8
811,1,504.1,170.4,46.6,17.6,51.3
811,3,160.5,217.6,44.4,18.2,50.4
811,4,253.8,236.8,92.2,10.4,80.8
813,1,505.1,169.9,45.2,21.2,51.3
813,3,160.4,219.6,44.3,21.7,50.3
813,4,248.7,235.6,94.6,12.8,81.0
815,1,506.1,172.7,44.8,26.2,51.2
815,3,159.7,220.9,41.3,39.0,49.9
815,4,248.9,235.9,91.3,12.4,80.9
817,1,504.3,173.4,41.3,19.7,51.1
817,3,158.5,220.7,39.3,41.1,48.3
817,4,247.3,233.7,92.1,11.0,80.9
819,1,505.3,177.6,44.4,8.1,50.9
819,3,157.4,221.2,39.3,35.5,46.5
819,4,242.1,232.2,96.8,14.8,81.0
821,1,506.0,179.2,47.5,5.0,51.1
821,3,157.0,222.1,41.2,14.9,47.2
821,4,240.3,231.4,92.6,16.4,80.9
823,1,507.9,180.8,43.9,3.2,51.1
823,3,158.4,220.4,41.0,6.0,48.4
823,4,238.4,229.7,94.3,15.1,80.9
825,1,507.7,180.0,43.1,13.1,50.8
825,3,159.6,219.1,38.0,14.8,48.1
825,4,233.5,229.5,95.5,10.9,81.1
827,1,510.1,178.1,45.5,1.0,50.8
827,3,162.9,217.0,31.1,10.0,47.8
827,4,233.0,229.8,91.4,8.4,81.1
829,1,512.6,182.5,50.2,2.4,50.9
829,3,166.8,217.4,30.6,4.5,47.6
829,4,230.9,229.3,90.9,8.6,81.0
831,1,513.2,183.8,50.0,19.1,51.1
831,3,168.4,217.6,31.0,15.5,47.2
831,4,230.2,229.8,91.8,13.2,80.9
833,1,514.1,180.8,47.2,0.5,51.1
833,3,165.3,218.3,31.4,19.1,46.8
833,4,226.1,228.7,95.3,12.3,81.0
835,1,514.7,179.1,45.3,10.4,50.9
835,3,163.5,221.5,30.1,24.8,46.1
835,4,225.0,225.5,94.0,8.5,81.1
837,1,514.3,180.4,42.4,23.8,50.8
837,3,165.1,223.7,30.4,0.0,45.7
837,4,223.7,224.1,92.2,6.1,81.0
839,1,517.3,183.2,45.0,31.7,50.8
839,3,170.1,225.5,32.9,6.8,45.2
839,4,219.5,225.7,93.9,8.7,81.0
841,1,518.5,184.3,45.0,29.1,50.9
841,3,171.6,226.1,35.8,3.8,45.0
841,4,217.4,225.6,93.9,12.0,81.1
843,1,518.5,185.6,44.7,15.8,50.9
843,3,170.1,226.3,36.4,15.0,45.0
843,4,217.6,223.0,92.1,12.2,81.1
845,1,516.2,186.1,45.3,3.6,50.8
845,3,168.5,228.4,36.1,27.7,45.0
845,4,214.5,223.1,93.1,10.7,81.1
847,1,519.2,189.2,48.9,18.1,50.9
847,3,165.6,228.8,32.6,21.7,45.0
847,4,212.1,225.7,89.2,16.3,81.0
849,1,522.6,187.4,50.2,15.8,51.1
849,3,167.8,231.9,34.9,23.7,45.0
849,4,210.0,221.6,91.3,11.7,80.9
851,1,523.9,186.7,48.0,24.2,51.1
851,3,168.3,233.0,35.2,26.9,45.0
851,4,209.3,219.9,91.2,6.9,80.9
853,1,524.0,186.4,47.9,17.3,51.2
853,3,171.8,233.1,35.5,39.8,45.0
853,4,205.1,220.4,90.1,7.3,80.7
855,1,526.0,184.7,46.1,6.8,51.2
855,3,172.1,233.7,35.8,34.6,45.0
855,4,203.9,219.2,88.2,11.9,80.6
857,1,527.0,186.0,48.8,10.6,51.4
857,3,168.9,235.2,33.5,24.1,45.0
857,4,201.6,216.8,90.9,5.2,80.5
859,1,527.4,187.5,50.1,14.0,51.6
859,3,168.7,237.1,34.4,28.0,45.0
859,4,200.1,218.5,90.6,7.5,80.3
861,1,527.4,188.0,44.9,24.1,51.5
861,3,168.6,237.7,33.6,18.4,45.0
861,4,199.6,219.2,88.6,11.1,80.2
863,1,527.1,191.5,43.0,14.2,51.5
863,3,173.5,239.6,37.6,26.9,45.0
863,4,196.9,220.8,89.2,10.4,80.0
865,1,526.9,193.5,44.6,1.7,51.6
865,3,176.0,238.6,38.6,27.9,45.0
865,4,195.9,217.9,88.4,7.0,79.7
867,1,526.6,195.4,48.1,0.7,51.6
867,3,177.9,236.6,36.2,14.1,45.0
867,4,193.3,214.4,87.3,2.9,79.6
869,1,527.4,194.3,48.2,5.5,51.6
869,3,176.9,237.8,35.1,4.7,45.0
869,4,187.9,211.6,93.1,2.7,79.6
871,1,528.0,193.8,41.8,5.2,51.3
871,3,176.5,238.1,34.5,19.3,45.0
871,4,185.9,210.5,93.2,1.9,79.7
873,1,531.1,192.9,43.3,7.3,51.2
873,3,174.3,241.0,34.5,21.3,45.0
873,4,187.9,208.8,91.8,1.6,79.6
875,1,533.9,195.8,47.7,10.6,51.3
875,3,173.5,241.3,34.9,0.8,45.0
875,4,186.7,209.5,86.4,3.4,79.3
877,1,536.6,196.2,49.7,7.8,51.5
877,3,172.6,244.3,34.2,20.6,45.0
877,4,182.1,209.5,90.1,0.9,79.2
879,1,537.2,196.0,50.5,5.3,51.6
879,3,173.2,246.8,36.1,19.3,45.0
879,4,181.0,207.9,91.8,5.0,79.1
881,1,537.5,195.9,47.0,2.2,51.7
881,3,173.4,247.7,37.1,13.7,45.0
881,4,180.7,207.3,89.2,0.5,79.0
883,1,533.9,200.1,44.8,1.6,51.7
883,3,176.1,246.3,34.5,4.3,45.0
883,4,177.3,208.1,85.4,2.8,78.8
885,1,536.1,201.7,46.9,8.2,51.7
885,3,176.8,245.2,31.8,12.9,45.0
885,4,175.8,206.2,86.7,11.9,78.5
887,1,536.9,201.6,45.3,3.2,51.6
887,3,176.1,245.7,32.2,6.2,45.0
887,4,173.6,202.9,87.8,9.4,78.5
889,1,540.4,199.9,46.2,2.7,51.5
889,3,177.1,248.4,35.4,4.4,45.0
889,4,169.3,202.9,90.6,1.9,78.4
891,1,541.8,198.9,46.2,6.6,51.5
891,3,177.5,249.4,34.5,17.6,45.0
891,4,168.3,203.0,86.5,6.7,78.3
893,1,542.9,204.1,48.2,17.4,51.5
893,3,176.6,249.8,33.6,31.0,45.0
893,4,168.4,201.7,86.9,7.6,78.1
895,1,545.7,201.6,49.6,14.1,51.6
895,3,179.9,247.6,34.2,8.8,45.0
895,4,167.5,198.0,87.7,8.9,78.1
897,1,545.0,201.1,45.8,15.0,51.5
897,3,181.1,245.4,33.9,23.9,45.0
897,4,163.6,196.9,86.8,12.3,78.0
899,1,543.7,201.5,43.0,20.3,51.3
899,3,180.6,249.6,36.1,6.3,45.0
899,4,162.9,195.3,85.9,16.7,77.8
901,1,543.2,201.7,41.7,3.2,51.2
901,3,180.3,251.2,38.0,8.0,45.0
901,4,162.7,194.7,83.7,25.3,77.6
903,1,542.9,205.0,42.4,0.1,51.2
903,3,179.1,253.8,39.4,25.2,45.0
903,4,160.3,192.8,81.8,18.0,77.4
905,1,543.2,207.2,43.9,11.5,51.2
905,3,177.3,256.4,41.8,38.3,45.0
905,4,157.6,187.3,86.0,15.8,77.3
907,1,543.2,206.4,39.2,1.8,50.9
907,3,174.0,257.2,40.6,35.1,45.0
907,4,155.9,186.9,86.5,15.3,77.3
909,1,548.4,212.9,45.5,6.6,50.8
909,3,173.8,260.5,43.3,28.6,45.0
909,4,151.7,185.5,90.4,13.4,77.2
911,1,549.3,214.2,48.8,15.5,51.1
911,3,173.1,262.1,44.7,24.9,45.0
911,4,149.6,183.9,89.2,6.2,77.1
1125,5,132.1,284.1,18.9,51.3,45.0
1127,5,133.5,285.3,16.5,41.9,45.0
1129,5,135.3,283.5,17.5,12.3,45.0
1131,5,134.7,283.1,16.5,3.9,45.0
1133,5,134.4,283.0,17.1,4.8,45.0
1135,5,135.6,284.5,13.3,36.9,45.0
1137,5,135.7,283.8,15.1,28.0,45.0
1139,5,136.1,284.2,17.0,33.7,45.0
1141,5,137.5,285.0,18.0,31.2,45.0
1143,5,138.0,285.4,17.0,8.1,45.0
1145,5,138.8,283.5,20.1,2.4,45.0
1147,5,137.9,284.7,18.0,12.8,45.0
1149,5,139.4,285.6,19.0,12.1,45.0
1151,5,140.6,284.6,20.1,10.3,45.0
1153,5,141.1,284.2,22.0,15.1,45.0
1155,5,140.3,285.3,21.0,11.1,45.0
1157,5,140.9,286.1,22.2,2.4,45.0
1159,5,141.5,284.8,20.0,7.1,45.0
1161,5,141.3,285.9,19.2,20.6,45.0
1163,5,141.3,286.3,18.0,18.9,45.0
1163,6,470.8,333.5,78.4,68.5,45.0
1165,5,143.2,287.1,19.2,5.0,45.0
1165,6,469.1,328.4,72.4,80.0,45.0
1167,5,144.2,288.8,20.4,34.2,45.0
1167,6,472.9,330.3,72.0,68.3,45.0
1169,5,143.3,287.4,20.1,34.3,45.0
1169,6,475.3,331.4,72.0,64.5,45.0
1171,5,143.2,286.9,20.0,43.9,45.0
1171,6,477.8,329.3,75.1,67.6,45.0
1173,5,143.2,286.3,18.0,19.7,45.0
1173,6,478.8,328.5,75.7,64.4,45.0
1175,5,144.2,286.1,18.1,24.8,45.0
1175,6,478.4,327.3,73.3,66.3,45.0
1177,5,144.2,286.7,19.0,24.3,45.0
1177,6,481.5,328.1,75.3,62.3,45.0
1179,5,147.2,286.9,22.0,15.2,45.0
1179,6,484.9,327.8,77.2,51.4,45.0
1181,5,144.6,287.3,18.0,32.5,45.0
1181,6,484.9,325.1,78.0,48.1,45.0
1183,5,144.0,287.2,15.1,50.0,45.0
1183,6,484.2,324.4,76.0,57.0,45.0
1185,5,143.1,289.1,13.9,39.8,45.0
1185,6,486.5,323.9,75.1,55.7,45.0
1187,5,143.4,287.4,14.1,26.6,45.0
1187,6,487.9,323.4,77.2,47.2,45.0
1189,5,144.1,286.9,14.1,26.6,45.0
1189,6,492.7,319.2,82.5,49.4,45.0
1191,5,143.8,286.6,12.2,45.0,45.0
1191,6,494.5,318.4,83.5,50.7,45.0
1193,5,143.6,286.9,11.4,4.4,45.0
1193,6,494.8,318.7,82.4,52.0,45.0
1195,5,146.2,287.0,15.1,12.5,45.0
1195,6,493.9,316.0,79.9,55.5,45.0
1197,5,145.5,288.3,14.3,50.7,45.0
1197,6,494.7,315.3,80.2,45.5,45.0
1199,5,144.6,287.5,11.7,19.7,45.0
1199,6,499.3,310.4,85.1,44.9,45.0
1201,5,146.5,287.5,13.9,15.3,45.0
1201,6,503.0,308.7,85.9,41.4,45.0
1201,7,476.5,309.5,55.3,118.9,45.0
1203,5,147.3,287.5,15.3,15.3,45.0
1203,6,504.3,307.4,71.3,7.4,45.0
1203,7,476.5,310.2,67.7,112.5,45.0
1205,5,145.6,289.8,12.6,29.7,45.0
1205,6,502.1,307.0,69.0,0.3,45.0
1205,7,471.0,314.5,69.6,117.1,45.0
1207,5,146.9,290.0,13.0,18.4,45.0
1207,6,504.5,305.2,68.4,9.3,45.0
1207,7,469.3,311.4,72.0,117.3,45.0
1209,5,148.0,288.1,14.9,3.4,45.0
1209,6,505.7,302.3,70.3,9.3,46.4
1209,7,465.4,314.0,72.4,121.3,45.0
1211,5,146.5,289.4,13.9,21.0,45.0
1211,6,504.0,301.9,70.2,10.9,50.6
1211,7,464.0,315.9,67.4,127.3,45.0
1213,5,145.9,289.8,11.2,59.0,45.0
1213,6,503.4,301.8,68.0,10.0,51.3
1213,7,463.6,316.5,66.1,129.0,45.0
1215,5,147.0,291.6,13.6,49.8,45.0
1215,6,503.8,299.8,67.9,19.1,51.2
1215,7,461.4,318.3,62.2,129.5,45.0
1217,5,149.1,290.6,14.3,53.1,45.0
1217,6,506.2,297.8,70.0,19.6,50.5
1217,7,459.0,318.6,58.1,134.9,45.0
1219,5,149.8,291.3,13.4,22.7,45.0
1219,6,504.8,295.8,67.2,25.0,50.1
1219,7,458.1,318.3,57.7,135.6,45.0
1221,5,150.1,292.2,13.9,13.7,45.0
1221,6,502.4,295.1,64.4,26.0,49.6
1221,7,457.9,316.8,56.4,138.5,45.0
1223,5,150.2,292.5,15.0,27.0,45.0
1223,6,501.3,295.2,64.4,26.3,49.2
1223,7,457.8,316.0,59.1,133.2,45.0
1225,5,152.9,289.6,15.8,14.0,45.0
1225,6,502.5,293.3,65.3,26.9,51.2
1225,7,455.2,316.2,54.9,130.9,45.0
1227,5,151.9,291.1,13.4,24.2,45.0
1227,6,498.7,293.0,60.0,42.5,51.1
1227,7,453.6,319.6,54.8,131.4,45.0
1229,5,150.8,292.4,12.8,6.9,45.0
1229,6,496.2,291.6,58.5,49.5,50.3
1229,7,452.4,321.9,58.1,124.1,45.0
1231,5,150.7,290.9,10.8,15.3,45.0
1231,6,494.0,285.2,61.7,54.6,48.9
1231,7,449.7,323.0,58.7,123.2,45.0
1233,5,150.7,290.7,11.2,35.5,45.0
1233,6,493.1,282.8,64.4,48.2,48.3
1233,7,448.8,323.7,59.8,121.4,45.0
1235,5,152.9,291.2,13.0,1.4,45.0
1235,6,489.4,284.5,59.2,57.5,47.3
1235,7,445.1,328.0,60.2,119.8,45.0
1237,5,152.5,291.4,13.0,18.4,45.0
1237,6,488.8,280.3,59.8,71.0,45.0
1237,7,444.5,326.6,58.0,123.8,45.0
1239,5,153.6,291.5,13.4,7.9,45.0
1239,6,488.3,280.3,56.9,77.5,45.0
1239,7,443.0,328.5,60.4,121.0,45.0
1239,8,197.3,290.0,3.6,126.9,19.0
1241,5,153.4,291.9,13.0,24.2,45.0
1241,6,486.4,277.2,58.2,83.6,45.0
1241,7,439.0,329.6,69.4,68.3,45.0
1241,8,197.1,290.4,5.0,122.5,18.9
1243,5,153.9,292.0,10.8,31.0,45.0
1243,6,485.8,275.9,55.4,85.0,45.0
1243,7,437.7,329.9,70.8,61.8,45.0
1243,8,197.0,290.6,4.0,97.1,18.8
1245,5,152.1,293.4,9.4,18.4,45.0
1245,6,486.7,276.9,55.8,83.8,45.0
1245,7,437.3,333.6,73.1,48.5,45.0
1245,8,197.0,291.3,5.1,18.4,18.9
1247,5,153.8,292.9,11.2,27.3,45.0
1247,6,485.4,275.9,56.9,82.5,45.0
1247,7,437.0,334.6,73.6,42.0,45.0
1247,8,197.6,288.2,2.0,0.0,18.7
1249,5,155.3,292.7,13.4,26.6,45.0
1249,6,484.2,277.0,52.5,83.8,45.0
1249,7,435.9,336.3,76.0,31.8,45.0
1249,8,199.6,287.0,2.2,135.0,18.5
1251,5,154.3,293.6,13.0,32.3,45.0
1251,6,482.1,275.4,53.2,81.7,45.0
1251,7,433.1,335.1,76.8,33.9,45.0
1251,8,199.3,285.3,2.2,153.4,18.4
1253,5,153.9,293.9,11.4,52.3,45.0
1253,6,481.7,275.2,52.1,84.3,45.0
1253,7,432.2,334.7,75.8,34.0,45.0
1253,8,199.2,284.6,4.1,143.1,18.4
1255,5,155.0,294.1,13.6,5.0,45.0
1255,6,480.6,274.1,54.0,87.4,45.0
1255,7,430.5,335.8,77.1,26.1,45.0
1255,8,199.8,284.4,4.1,150.9,18.4
1257,5,155.4,293.8,10.6,49.8,45.0
1257,6,477.1,273.4,54.5,82.8,45.0
1257,7,427.7,334.9,80.7,27.0,45.0
1257,8,198.3,284.0,4.5,125.8,18.6
1259,5,154.6,294.3,12.2,13.2,45.0
1259,6,476.3,270.9,55.6,77.1,45.0
1259,7,426.7,334.5,80.1,20.2,45.0
1259,8,194.2,280.3,10.6,41.8,18.9
1261,5,154.9,294.5,13.0,9.0,45.0
1261,6,476.4,271.4,53.6,76.5,45.0
1261,7,423.7,332.1,81.2,21.2,45.0
1261,8,190.9,276.8,16.4,12.7,20.0
1263,5,154.4,295.2,12.5,71.6,45.0
1263,6,476.8,271.9,53.0,77.8,45.0
1263,7,422.3,331.2,77.8,23.4,45.0
1263,8,189.4,275.3,17.2,39.8,21.1
1265,5,157.1,295.2,16.1,7.1,45.0
1265,6,474.0,270.1,54.8,68.2,45.0
1265,7,420.2,332.4,76.4,28.2,45.0
1265,8,188.5,276.4,17.0,42.5,22.9
1267,5,159.8,296.8,18.0,21.0,45.0
1267,6,472.3,267.8,55.7,53.1,45.0
1267,7,420.7,331.0,70.3,26.2,45.0
1267,8,186.9,274.9,19.8,45.0,26.8
1269,5,164.5,299.4,24.7,3.0,45.0
1269,6,470.7,268.6,55.5,51.8,45.0
1269,7,416.3,329.5,71.2,32.0,45.0
1269,8,187.0,273.3,21.4,0.7,45.0
1271,5,166.2,300.0,26.4,0.4,45.0
1271,6,468.8,266.6,58.1,55.8,45.0
1271,7,417.4,328.2,70.0,37.7,45.0
1271,8,188.6,272.8,20.8,2.2,45.0
1273,5,166.8,299.6,23.9,10.1,45.0
1273,6,468.2,265.9,55.9,40.5,45.0
1273,7,418.1,327.7,67.5,43.2,45.0
1273,8,189.2,272.0,21.6,25.1,45.0
1275,5,165.3,300.0,23.3,11.5,45.0
1275,6,465.7,265.0,58.7,45.4,45.0
1275,7,415.0,326.2,69.4,40.5,46.0
1275,8,190.8,270.3,22.0,60.3,45.0
1277,5,164.7,303.2,25.6,23.5,45.0
1277,6,464.4,266.0,56.2,39.6,45.0
1277,7,415.4,324.7,63.3,40.1,48.7
1277,8,191.3,269.8,22.8,85.4,45.0
1279,5,166.5,303.0,25.0,10.5,45.0
1279,6,463.0,267.0,57.3,37.1,45.0
1279,7,415.0,322.2,63.3,44.0,49.3
1279,8,191.2,269.6,21.5,100.6,45.0
1281,5,170.4,301.2,26.9,3.2,45.0
1281,6,461.9,267.1,58.7,40.9,45.0
1281,7,413.6,319.6,63.6,48.6,48.8
1281,8,192.1,270.5,20.2,97.1,45.0
1283,5,171.9,300.5,28.2,9.5,45.0
1283,6,461.2,267.2,56.6,42.1,45.0
1283,7,413.1,318.3,57.1,61.9,48.3
1283,8,192.4,270.9,19.9,124.2,45.0
1285,5,170.4,301.3,26.4,12.0,45.0
1285,6,462.3,270.2,54.7,45.4,45.0
1285,7,411.9,317.8,58.3,69.1,47.9
1285,8,189.4,267.6,22.5,0.0,45.0
1287,5,172.1,302.8,27.8,0.7,45.0
1287,6,461.4,268.4,55.6,28.6,45.0
1287,7,408.3,315.4,57.0,75.4,47.0
1287,8,186.5,266.0,25.5,94.0,45.0
1289,5,173.0,303.4,30.4,1.2,45.0
1289,6,460.8,269.9,54.4,34.5,45.0
1289,7,406.3,314.8,57.0,71.6,46.0
1289,8,184.1,265.0,25.9,81.9,45.0
1291,5,173.0,303.0,30.9,2.3,45.0
1291,6,459.6,271.5,53.3,39.5,45.0
1291,7,402.7,312.1,61.1,66.4,45.1
1291,8,182.9,264.7,28.7,71.3,45.0
1293,5,173.0,302.8,28.2,6.8,45.0
1293,6,459.5,272.4,51.6,41.9,45.0
1293,7,401.7,311.0,60.4,68.4,45.0
1293,8,182.4,264.7,29.5,66.9,45.0
1295,5,174.2,303.0,28.2,1.2,45.0
1295,6,455.0,271.9,58.1,34.6,45.0
1295,7,399.7,310.3,59.5,67.9,45.0
1295,8,185.0,266.4,27.7,44.0,45.0
1297,5,176.0,303.8,29.5,8.7,45.0
1297,6,455.2,272.3,54.1,47.2,45.0
1297,7,396.1,309.4,62.6,66.4,45.0
1297,8,187.0,266.7,24.7,14.0,45.0
1299,5,175.7,304.4,27.7,1.1,45.0
1299,6,453.1,273.7,53.7,47.7,45.0
1299,7,394.1,310.1,63.3,62.4,45.0
1299,8,188.1,266.1,23.3,24.7,45.0
1301,5,175.5,304.6,27.7,13.7,45.0
1301,6,448.5,274.3,57.0,49.9,45.0
1301,7,390.8,307.2,67.5,61.4,45.0
1301,8,188.8,265.6,24.6,34.1,45.0
1303,5,175.4,304.6,27.5,23.6,45.0
1303,6,447.0,274.5,58.2,47.2,45.0
1303,7,389.6,306.1,66.8,64.6,45.0
1303,8,189.0,265.4,24.2,50.2,45.0
1305,5,175.7,304.7,27.3,5.4,45.0
1305,6,447.5,275.9,53.8,61.6,45.0
1305,7,391.8,305.3,63.6,59.2,45.0
1305,8,189.4,265.3,25.1,61.3,45.0
1307,5,175.8,305.3,28.2,2.0,45.0
1307,6,447.3,279.3,50.4,67.1,45.0
1307,7,390.4,302.1,64.8,58.6,45.0
1307,8,188.3,265.0,24.6,47.7,45.0
1309,5,176.1,305.9,30.0,1.6,45.0
1309,6,447.0,280.6,46.3,70.9,45.0
1309,7,389.6,301.0,63.9,55.6,45.0
1309,8,188.2,264.9,23.8,32.7,45.0
1311,5,177.8,307.4,31.9,6.7,45.0
1311,6,447.3,282.7,46.0,73.2,45.0
1311,7,392.0,301.5,61.1,51.5,45.0
1311,8,188.1,265.2,21.9,20.3,45.0
1313,5,178.5,308.0,30.5,6.4,45.0
1313,6,447.4,283.5,42.0,86.4,45.0
1313,7,392.9,301.8,59.0,45.5,45.0
1313,8,188.1,265.3,22.8,1.8,45.0
1315,5,177.4,309.8,30.8,20.2,45.0
1315,6,445.2,284.4,43.2,73.7,45.0
1315,7,391.1,297.1,60.4,44.4,45.0
1315,8,188.7,266.0,23.4,30.3,45.0
1317,5,175.9,310.5,29.1,1.4,45.0
1317,6,446.1,285.4,42.3,77.4,45.0
1317,7,392.4,293.9,61.0,40.7,45.0
1317,8,190.3,267.3,24.0,10.6,45.0
1319,5,177.0,313.4,32.6,29.3,45.0
1319,6,444.5,288.7,43.4,72.8,45.0
1319,7,393.3,291.5,59.7,33.4,45.0
1319,8,189.9,267.1,24.4,31.0,45.0
1321,5,175.8,311.7,29.7,43.5,45.0
1321,6,439.6,290.9,48.4,64.7,45.0
1321,7,395.6,292.0,56.0,30.7,45.0
1321,8,191.1,268.1,22.6,15.3,45.0
1323,5,175.3,311.1,29.2,39.5,45.0
1323,6,437.8,291.7,51.2,54.1,45.0
1323,7,396.5,292.3,58.0,27.4,45.0
1323,8,191.5,268.4,23.5,132.8,45.0
1325,5,175.4,312.8,29.7,45.5,45.0
1325,6,437.8,292.6,50.9,61.3,45.0
1325,7,395.5,290.0,60.1,28.4,45.0
1325,8,191.6,268.5,20.9,146.5,45.0
1327,5,176.8,314.1,30.4,43.3,45.0
1327,6,435.6,294.6,51.9,63.4,45.0
1327,7,396.5,289.9,61.1,31.0,45.0
1327,8,191.3,268.9,20.6,147.5,45.0
1329,5,175.7,314.0,29.0,54.3,45.0
1329,6,435.1,294.6,50.7,53.6,45.0
1329,7,396.8,286.0,62.2,40.9,45.0
1329,8,191.5,268.0,18.8,153.0,45.0
1331,5,174.6,314.2,29.7,55.2,45.0
1331,6,432.3,297.2,53.7,50.6,45.0
1331,7,398.3,284.2,60.5,47.1,45.0
1331,8,191.3,268.7,17.9,154.3,45.0
1333,5,174.2,314.2,27.6,64.7,45.0
1333,6,430.7,298.5,55.5,54.9,45.0
1333,7,398.5,283.6,61.1,49.0,45.0
1333,8,191.2,268.9,17.9,146.3,45.0
1335,5,176.7,314.9,29.7,64.5,45.0
1335,6,430.4,299.6,53.7,49.8,45.0
1335,7,402.0,280.4,59.9,60.9,45.0
1335,8,191.1,268.4,17.5,148.0,45.0
1337,5,176.6,315.1,30.4,59.3,45.0
1337,6,430.7,301.3,55.5,43.2,45.0
1337,7,404.9,278.9,60.2,70.5,45.0
1337,8,190.4,267.2,13.6,139.8,45.0
1339,5,175.6,314.9,29.0,64.5,45.0
1339,6,429.8,302.5,56.3,49.7,45.0
1339,7,407.0,275.3,59.2,80.8,45.0
1339,8,190.8,266.7,10.0,126.9,45.0
1341,5,177.2,317.1,31.8,58.1,45.0
1341,6,427.3,305.9,59.6,51.3,45.0
1341,7,410.2,272.1,60.2,84.6,45.0
1341,8,190.3,266.9,9.1,135.0,45.0
1343,5,177.8,318.2,30.5,55.3,45.0
1343,6,426.0,307.5,59.8,45.8,45.0
1343,7,410.8,271.4,61.8,76.2,45.0
1343,8,191.1,266.9,10.4,111.4,45.0
1345,5,177.3,317.6,27.7,51.2,45.0
1345,6,427.9,306.7,59.5,27.8,45.0
1345,7,412.4,273.0,57.6,84.2,45.0
1345,8,191.1,266.3,9.4,95.9,45.0
1347,5,176.2,318.0,22.5,63.4,45.0
1347,6,427.3,308.9,58.7,26.9,45.0
1347,7,412.9,270.9,59.1,80.4,45.0
1347,8,191.1,267.4,7.2,128.7,45.0
1349,5,177.4,319.2,22.8,54.0,45.0
1349,6,429.1,312.7,60.3,21.7,45.0
1349,7,414.7,268.1,60.1,78.8,45.0
1349,8,190.7,267.8,5.4,135.0,45.0
1351,5,177.5,320.9,23.7,60.7,45.0
1351,6,428.9,311.4,61.0,15.2,45.0
1351,7,416.4,267.9,60.0,80.2,45.0
1351,8,190.6,266.7,5.1,126.0,45.0
1353,5,177.6,321.5,24.2,53.1,45.0
1353,6,429.4,311.6,59.2,14.3,45.0
1353,7,416.8,268.6,58.0,80.4,45.0
1353,8,190.5,266.2,4.0,116.6,45.0
1355,5,177.6,321.1,22.2,47.2,45.0
1355,6,429.3,313.6,58.6,12.2,45.0
1355,7,419.1,263.7,61.1,78.6,45.0
1355,8,191.5,266.7,3.0,71.6,45.0
1357,5,177.6,321.9,22.0,45.0,45.0
1357,6,432.0,313.9,56.9,13.3,45.0
1357,7,420.5,260.6,62.3,75.2,45.0
1357,8,191.9,266.2,3.0,108.4,45.0
1359,5,177.9,322.5,22.1,16.3,45.0
1359,6,432.3,314.7,55.2,27.5,45.0
1359,7,423.1,260.4,59.8,74.9,45.0
1359,8,191.3,265.7,5.1,26.6,45.0
1361,5,177.7,322.3,22.8,9.7,45.0
1361,6,431.4,316.3,57.5,31.5,45.0
1361,7,424.5,258.3,61.0,72.7,45.0
1361,8,191.5,266.5,4.1,26.6,45.0
1363,5,177.6,322.3,22.1,13.1,45.0
1363,6,430.8,316.8,56.0,32.4,45.0
1363,7,425.0,257.6,61.6,72.9,45.0
1363,8,191.5,266.8,2.2,116.6,45.0
1365,5,178.5,322.9,20.9,4.4,45.0
1365,6,433.6,316.3,55.6,39.8,45.0
1365,7,425.1,259.4,58.5,68.8,45.0
1365,8,191.5,266.6,5.1,121.0,45.0
1367,5,176.2,322.8,19.2,5.0,45.0
1367,6,434.3,317.7,54.6,42.5,45.0
1367,7,427.4,259.7,58.9,69.0,45.0
1367,8,191.5,265.9,7.0,113.2,45.0
1369,5,175.4,322.7,20.1,2.4,45.0
1369,6,434.8,318.6,53.2,51.5,45.0
1369,7,427.9,260.9,57.7,58.5,45.0
1369,8,190.9,266.3,8.2,140.5,45.0
1371,5,176.1,324.4,22.4,1.8,45.0
1371,6,436.1,318.2,51.4,64.8,45.0
1371,7,431.8,260.1,59.2,61.2,45.0
1371,8,191.3,266.1,9.2,114.0,36.0
1373,5,176.3,324.3,21.1,10.3,45.0
1373,6,436.5,318.0,49.4,59.0,45.0
1373,7,433.1,259.1,61.3,52.9,45.0
1373,8,191.4,266.0,6.0,108.4,26.0
1375,5,176.8,325.6,22.0,0.0,45.0
1375,6,438.6,318.2,49.0,66.0,45.0
1375,7,433.0,262.3,59.2,45.8,45.0
1375,8,191.5,265.7,4.1,81.9,22.9
1377,5,176.2,325.7,21.0,5.2,45.0
1377,6,439.7,319.9,48.1,70.1,45.0
1377,7,433.8,263.5,61.1,44.8,45.0
1377,8,190.8,265.5,2.2,90.0,21.1
1379,5,175.7,328.1,24.0,19.1,45.0
1379,6,443.5,320.6,46.3,81.0,45.0
1379,7,435.1,262.5,63.6,38.5,45.0
1379,8,190.6,265.5,2.0,116.6,20.2
1381,5,175.2,326.5,22.0,22.2,45.0
1381,6,443.8,324.8,50.2,77.5,45.0
1381,7,438.9,265.2,63.9,46.9,45.0
1381,8,190.5,266.5,1.4,153.4,19.4
1383,5,174.7,326.0,21.0,29.3,45.0
1383,6,443.9,326.7,51.2,71.5,45.0
1383,7,440.5,266.3,62.6,42.7,45.0
1383,8,190.5,266.8,1.4,153.4,18.8
1385,5,175.5,326.1,21.0,11.5,45.0
1385,6,444.6,328.7,49.1,75.0,45.0
1385,7,440.4,267.1,61.0,49.4,45.0
1385,8,189.8,266.3,1.4,172.9,18.4
1387,5,177.1,325.8,20.0,4.1,45.0
1387,6,447.2,324.4,44.0,85.7,45.0
1387,7,442.9,267.7,62.4,50.0,45.0
1387,8,189.6,268.1,4.1,78.7,18.2
1389,5,177.7,327.0,19.0,0.0,45.0
1389,6,449.4,326.6,44.0,87.7,45.0
1389,7,444.1,269.8,61.9,57.8,45.0
1389,8,190.0,267.3,2.8,63.4,18.1
1391,5,176.9,327.8,20.1,5.4,45.0
1391,6,449.8,327.8,44.0,84.1,45.0
1391,7,444.6,271.6,60.0,60.1,45.0
1391,8,190.7,267.1,2.8,63.4,18.0
1393,5,176.7,328.0,19.0,8.1,45.0
1393,6,450.0,328.2,44.2,82.0,45.0
1393,7,444.7,272.3,58.6,70.3,45.0
1393,8,190.9,267.1,2.2,135.0,18.0
1395,5,176.2,327.8,17.0,19.8,45.0
1395,6,452.3,328.6,43.4,82.6,45.0
1395,7,445.7,274.2,56.3,78.9,45.0
1395,8,190.0,266.1,1.4,135.0,18.0
1397,5,176.7,330.0,17.0,7.1,45.0
1397,6,453.5,332.1,44.9,74.2,45.0
1397,7,448.9,276.5,57.0,78.6,45.0
1397,8,189.9,265.7,2.0,135.0,18.0
1399,5,178.3,331.2,20.2,4.0,45.0
1399,6,453.8,332.0,44.3,71.1,45.0
1399,7,452.0,277.4,58.9,83.7,45.0
1399,8,190.0,265.5,3.6,63.4,18.0
1401,5,178.5,331.9,20.2,4.0,45.0
1401,6,455.0,335.0,46.2,68.8,45.0
1401,7,453.5,279.0,58.7,87.2,45.0
1401,8,190.0,265.5,3.6,63.4,18.0
1403,5,177.9,332.2,20.1,22.4,45.0
1403,6,456.0,336.0,47.9,58.5,45.0
1403,7,454.4,279.0,60.2,79.2,45.0
1403,8,190.0,265.5,3.6,63.4,18.0
1405,5,177.0,333.6,19.0,0.0,45.0
1405,6,456.3,335.7,46.1,53.2,45.0
1405,7,455.0,281.5,59.5,82.2,45.0
1405,8,191.0,265.5,3.2,90.0,18.0
1407,5,176.6,333.0,20.0,5.2,45.0
1407,6,458.1,339.6,50.5,51.2,45.0
1407,7,455.2,282.1,59.1,77.0,45.0
1407,8,191.0,265.8,3.0,71.6,18.0
1409,5,175.9,333.2,19.0,17.7,45.0
1409,6,460.8,342.7,53.0,34.2,45.0
1409,7,456.5,284.0,58.0,78.6,45.0
1409,8,191.0,265.6,3.0,0.0,18.0
1411,5,175.9,334.9,20.0,17.0,45.0
1411,6,462.7,342.7,54.4,28.6,45.0
1411,7,457.3,285.0,59.0,80.6,45.0
1411,8,191.0,265.2,3.0,0.0,18.0
1413,5,175.9,335.5,21.0,5.7,45.0
1413,6,464.0,341.9,54.0,25.7,45.0
1413,7,457.6,285.3,56.2,72.8,45.0
1413,8,190.7,265.0,3.2,90.0,18.0
1415,5,175.9,335.7,20.0,5.7,45.0
1415,6,465.1,342.3,53.9,21.9,45.0
1415,7,457.6,289.3,54.1,74.6,45.0
1415,8,191.2,265.6,2.2,90.0,18.0
1417,5,177.0,335.7,21.0,8.1,45.0
1417,6,467.8,342.8,55.2,9.6,45.0
1417,7,458.9,292.9,53.8,77.4,45.0
1417,8,191.8,265.2,1.4,90.0,18.0
1419,5,177.3,336.4,19.0,23.8,45.0
1419,6,469.1,339.1,54.0,19.9,45.0
1419,7,456.7,293.4,50.6,71.3,45.0
1419,8,191.6,265.1,1.4,0.0,18.0
1421,5,178.2,337.0,18.0,43.2,45.0
1421,6,472.3,340.1,56.6,22.4,45.0
1421,7,457.5,299.0,54.7,72.2,45.0
1421,8,192.2,265.3,1.4,153.4,18.0
1423,5,178.4,337.2,20.0,27.8,45.0
1423,6,473.7,339.9,56.6,31.5,45.0
1423,7,458.1,301.3,53.9,74.2,45.0
1423,8,192.1,265.4,1.4,161.6,18.0
1425,5,176.6,340.5,22.0,11.9,45.0
1425,6,473.2,339.8,55.5,8.7,45.0
1425,7,456.3,298.5,52.2,71.4,45.0
1425,8,192.4,265.5,2.2,161.6,18.0
1427,5,175.5,340.1,21.1,8.1,45.0
1427,6,473.2,337.1,50.6,10.4,45.0
1427,7,456.6,301.6,53.4,67.5,45.0
1427,8,191.9,265.5,2.2,0.0,18.0
1429,5,174.5,339.2,19.2,1.3,45.0
1429,6,475.2,338.4,54.2,14.4,45.0
1429,7,455.0,301.7,51.7,61.7,45.0
1429,8,191.6,265.5,1.4,153.4,18.0
1431,5,174.4,340.9,19.2,1.3,45.0
1431,6,476.5,337.2,53.7,21.9,45.0
1431,7,453.4,302.4,50.2,65.2,45.0
1431,8,191.2,265.5,1.4,153.4,18.0
1433,5,174.4,341.5,20.2,1.3,45.0
1433,6,477.0,336.8,53.2,15.4,45.0
1433,7,452.8,302.6,51.1,53.0,45.0
1433,8,191.1,265.5,1.0,153.4,18.0
1435,5,173.7,340.7,19.4,10.4,45.0
1435,6,477.1,336.0,51.0,33.7,45.0
1435,7,451.9,304.9,53.8,54.1,45.0
1435,8,191.3,266.2,0.0,180.0,18.0
1437,5,172.8,341.0,19.6,37.3,45.0
1437,6,479.4,336.0,51.5,34.0,45.0
1437,7,448.8,305.7,51.5,67.8,45.0
1437,8,191.8,266.4,1.0,153.4,18.0
1439,5,170.2,342.5,21.2,42.4,45.0
1439,6,480.3,334.7,52.2,38.0,45.0
1439,7,448.1,305.6,52.8,65.9,45.0
1439,8,192.3,265.5,1.4,153.4,18.0
1441,5,169.6,340.7,19.7,45.0,45.0
1441,6,480.2,332.2,52.5,47.0,47.3
1441,7,446.1,312.4,58.9,67.3,45.0
1441,8,192.5,265.8,1.4,153.4,18.0
1443,5,169.3,340.0,20.1,34.7,45.0
1443,6,480.2,331.3,49.3,49.0,48.3
1443,7,445.5,314.8,58.5,70.6,45.0
1443,8,192.2,265.9,1.4,135.0,18.0
1445,5,170.9,342.1,20.9,33.7,45.0
1445,6,482.4,331.9,50.0,60.9,47.5
1445,7,443.5,315.1,58.2,70.6,45.0
1445,8,192.1,265.7,1.0,0.0,18.0
1447,5,169.6,343.4,21.8,31.0,45.0
1447,6,484.8,331.8,51.7,67.3,45.8
1447,7,442.9,315.9,57.0,75.2,45.0
1447,8,192.0,265.6,2.2,45.0,18.0
1449,5,169.4,341.4,18.4,34.9,45.0
1449,6,486.0,329.9,51.2,71.2,45.0
1449,7,443.4,319.2,60.2,69.1,45.0
1449,8,191.4,265.5,1.0,0.0,18.0
1451,5,168.3,342.2,19.7,39.8,45.0
1451,6,486.4,328.8,51.2,71.2,45.0
1451,7,444.0,320.7,61.8,64.5,45.0
1451,8,191.4,265.2,1.0,135.0,18.0
1453,5,168.0,342.5,19.2,43.1,45.0
1453,6,486.6,328.4,49.0,75.3,45.0
1453,7,444.5,321.1,60.2,64.9,45.0
1453,8,191.5,265.0,0.0,0.0,18.0
1455,5,167.5,343.6,20.1,48.4,45.0
1455,6,488.5,328.6,49.8,73.1,45.0
1455,7,441.4,321.5,58.5,71.1,45.0
1455,8,190.5,265.3,0.0,180.0,18.0
1457,5,168.3,342.1,15.7,70.3,45.0
1457,6,489.2,327.1,46.5,67.1,45.0
1457,7,436.1,323.3,61.0,67.8,45.0
1457,8,190.1,265.4,0.0,180.0,18.0
1459,5,167.3,343.1,18.8,74.2,45.0
1459,6,493.4,325.6,50.0,64.4,45.0
1459,7,433.1,324.9,59.2,73.0,45.0
1459,8,190.6,265.8,1.0,153.4,18.0
1461,5,167.0,345.1,21.5,74.7,45.0
1461,6,496.2,324.3,53.0,56.5,45.0
1461,7,432.2,325.5,59.5,74.5,45.0
1461,8,190.9,265.3,1.0,153.4,18.0
1463,5,166.9,345.8,21.0,67.5,45.0
1463,6,497.6,323.9,53.2,54.5,45.0
1463,7,431.9,325.9,58.7,70.1,45.0
1463,8,190.9,265.1,1.4,161.6,18.0
1465,5,165.5,344.8,22.5,60.6,45.0
1465,6,498.1,321.5,51.1,59.2,45.0
1465,7,429.9,327.1,61.4,68.5,45.0
1465,8,190.0,265.0,3.0,123.7,18.0
1467,5,164.4,344.7,22.2,50.4,45.0
1467,6,498.5,319.3,49.5,64.3,45.0
1467,7,427.5,326.1,59.5,67.2,45.0
1467,8,189.9,264.3,3.2,90.0,18.0
1469,5,163.0,346.6,23.6,54.7,45.0
1469,6,499.3,317.8,51.0,61.3,45.0
1469,7,423.9,326.7,58.9,67.5,45.0
1469,8,189.6,264.4,3.2,90.0,18.0
1471,5,163.4,345.8,21.4,61.3,45.0
1471,6,500.8,315.6,52.6,58.3,45.0
1471,7,422.0,326.9,58.3,66.3,45.0
1471,8,188.8,264.4,3.6,98.1,18.0
1473,5,163.6,345.4,22.2,50.4,45.0
1473,6,501.4,314.8,51.0,56.8,45.0
1473,7,421.4,326.9,57.3,65.1,45.0
1473,8,188.5,264.4,2.2,146.3,18.0
1475,5,164.0,344.9,18.4,49.5,45.0
1475,6,502.2,314.2,52.2,49.0,45.0
1475,7,420.6,325.6,56.4,54.5,45.0
1475,8,188.1,264.5,1.4,172.9,18.0
1477,5,163.6,346.0,21.2,24.2,45.0
1477,6,501.1,315.1,50.9,46.4,45.0
1477,7,419.7,323.7,56.6,50.0,45.0
1477,8,188.3,264.5,1.4,166.0,18.0
1479,5,163.4,346.8,21.2,0.0,45.0
1479,6,503.0,311.8,54.1,38.0,45.0
1479,7,418.4,323.7,57.0,56.9,45.0
1479,8,188.4,264.5,1.4,166.0,18.0
1481,5,163.3,346.1,19.8,0.0,45.0
1481,6,505.3,309.6,55.9,29.6,45.0
1481,7,416.3,324.6,59.7,56.9,45.0
1481,8,188.1,264.8,1.4,166.0,18.0
1483,5,163.3,345.8,17.7,33.1,45.0
1483,6,505.8,308.8,55.9,36.3,45.0
1483,7,416.2,325.0,58.1,52.1,45.0
1483,8,188.0,264.9,3.2,168.7,18.0
1485,5,161.0,347.3,20.5,28.4,45.0
1485,6,502.6,309.2,53.3,33.6,45.0
1485,7,414.6,322.8,57.3,54.5,45.0
1485,8,186.9,264.6,5.1,170.5,18.0
1487,5,161.8,347.5,19.8,16.3,45.0
1487,6,503.1,307.8,55.4,25.7,45.0
1487,7,413.1,322.3,58.1,64.4,45.0
1487,8,186.9,264.9,5.1,0.0,18.0
1489,5,162.1,346.0,17.7,15.1,45.0
1489,6,504.2,305.6,56.0,21.7,45.0
1489,7,413.8,320.2,56.9,68.7,45.0
1489,8,186.6,265.0,5.1,0.0,18.0
1491,5,160.3,347.7,19.2,5.6,45.0
1491,6,502.9,306.9,51.7,23.4,45.0
1491,7,411.9,319.4,57.2,73.6,45.0
1491,8,187.4,264.7,3.2,166.0,18.0
1493,5,159.6,348.3,20.6,13.0,45.0
1493,6,501.5,307.3,50.2,26.9,45.0
1493,7,411.2,318.7,54.4,69.1,45.0
1493,8,188.1,265.2,3.0,0.0,18.0
1495,5,159.7,346.9,20.2,17.2,45.0
1495,6,500.9,305.9,49.6,29.1,45.0
1495,7,412.6,317.5,52.4,68.7,45.0
1495,8,189.0,265.4,2.0,0.0,18.0
1497,5,159.4,346.4,20.6,14.4,45.0
1497,6,500.0,304.4,46.1,43.8,45.0
1497,7,410.9,316.7,51.4,72.6,45.0
1497,8,190.0,265.5,1.0,0.0,18.0
1499,5,158.3,347.5,22.8,22.8,45.0
1499,6,496.0,302.8,44.4,58.9,45.0
1499,7,408.0,316.1,52.8,65.9,45.0
1499,8,189.7,265.2,3.0,0.0,18.0
1501,5,158.3,346.9,21.9,26.6,45.0
1501,6,494.1,299.9,45.2,63.4,45.0
1501,7,405.3,314.9,54.6,64.6,45.0
1501,8,190.3,265.1,2.0,0.0,18.0
1503,5,158.3,347.3,19.3,3.2,45.0
1503,6,493.8,300.3,43.8,67.6,45.0
1503,7,404.6,314.2,54.4,74.5,45.0
1503,8,190.5,265.4,2.0,180.0,18.0
1505,5,158.0,347.5,19.3,3.2,45.0
1505,6,490.4,296.4,44.4,73.4,45.0
1505,7,403.8,311.6,53.9,72.8,45.0
1505,8,190.2,265.1,1.0,161.6,18.0
1507,5,156.5,348.5,20.1,11.8,45.0
1507,6,488.4,295.7,44.9,75.4,45.0
1507,7,403.5,310.3,52.8,76.7,45.0
1507,8,190.1,264.7,1.4,153.4,18.0
1509,5,157.0,346.7,19.0,16.3,45.0
1509,6,487.1,293.4,45.4,78.1,45.0
1509,7,404.1,309.2,49.5,81.1,45.0
1509,8,189.7,264.6,2.2,161.6,18.0
1511,5,156.9,346.9,18.7,11.9,45.0
1511,6,488.5,290.6,47.3,75.9,45.0
1511,7,401.4,307.2,51.2,81.3,45.0
1511,8,189.6,264.8,2.2,161.6,18.0
1513,5,156.5,346.7,18.0,9.9,45.0
1513,6,488.2,289.9,47.3,79.2,45.0
1513,7,400.4,306.7,51.0,77.6,45.0
1513,8,189.5,264.9,2.8,146.3,18.0
1515,5,155.4,347.2,18.0,21.9,45.0
1515,6,486.5,286.5,49.5,75.1,45.0
1515,7,400.4,305.3,48.0,75.3,45.0
1515,8,188.9,264.6,3.6,0.0,18.0
1517,5,155.3,347.1,15.8,22.6,45.0
1517,6,484.1,285.3,49.2,81.2,45.0
1517,7,398.1,304.1,50.0,74.5,45.0
1517,8,188.3,264.9,4.1,0.0,18.0
1519,5,154.6,346.4,16.2,45.0,45.0
1519,6,484.3,283.5,49.2,86.3,45.0
1519,7,398.9,302.7,49.0,72.5,45.0
1519,8,187.7,264.6,5.1,14.0,18.0
1521,5,153.1,346.8,17.1,34.1,45.0
1521,6,482.9,284.2,47.0,91.2,45.0
1521,7,398.0,302.9,49.5,68.2,45.0
1521,8,187.5,265.2,5.0,101.3,18.0
1523,5,152.5,346.9,18.4,35.4,45.0
1523,6,482.3,284.5,47.0,80.9,45.0
1523,7,397.7,303.0,47.8,63.2,45.0
1523,8,187.4,265.4,5.0,144.5,18.0
1525,5,153.3,344.7,16.0,47.1,45.0
1525,6,481.1,284.4,47.1,82.1,45.0
1525,7,393.0,300.4,52.2,59.9,45.0
1525,8,187.4,265.2,5.0,144.5,18.0
1527,5,151.9,346.5,18.7,35.5,45.0
1527,6,479.1,285.4,44.6,88.2,45.0
1527,7,393.2,298.8,54.2,49.6,45.0
1527,8,188.1,265.4,3.0,164.7,18.0
1529,5,148.9,347.2,20.6,32.0,45.0
1529,6,476.6,284.5,45.1,85.8,45.0
1529,7,390.4,298.6,57.4,43.2,45.0
1529,8,188.4,265.8,3.0,149.0,18.0
1531,5,149.3,345.8,18.2,53.6,45.0
1531,6,473.8,284.2,45.9,86.1,45.0
1531,7,391.9,296.9,58.6,42.5,45.0
1531,8,188.4,265.3,3.0,0.0,18.0
1533,5,149.5,345.3,18.1,26.3,45.0
1533,6,473.2,284.1,46.5,79.7,45.0
1533,7,392.6,296.3,55.0,38.5,45.0
1533,8,188.5,265.1,2.0,0.0,18.0
1535,5,149.0,345.4,20.2,29.2,45.0
1535,6,473.3,282.8,47.8,73.3,45.0
1535,7,390.9,295.4,53.9,31.3,45.0
1535,8,188.5,265.4,2.0,0.0,18.0
1537,5,148.5,345.8,19.1,35.3,45.0
1537,6,472.8,281.6,48.8,52.6,45.0
1537,7,392.6,295.1,50.2,37.4,45.0
1537,8,188.5,265.1,2.0,0.0,18.0
1539,5,147.3,345.9,19.0,12.3,45.0
1539,6,470.3,280.6,51.1,47.1,45.0
1539,7,390.7,292.8,53.4,33.5,45.0
1539,8,188.5,265.4,2.0,0.0,18.0
1541,5,146.9,346.0,20.0,23.5,45.0
1541,6,469.7,281.5,50.5,41.8,45.0
1541,7,392.9,290.6,52.4,41.3,45.0
1541,8,188.8,265.1,2.0,0.0,18.0
1543,5,147.4,346.0,18.0,31.9,45.0
1543,6,469.5,282.0,49.4,36.7,45.0
1543,7,393.8,290.5,51.6,32.9,45.0
1543,8,189.0,264.7,1.4,153.4,18.0
1545,5,145.7,346.0,19.0,41.8,45.0
1545,6,468.8,283.1,46.9,36.4,45.0
1545,7,393.5,289.5,50.2,30.8,45.0
1545,8,189.0,265.6,1.0,135.0,18.0
1547,5,144.4,347.0,18.0,0.0,45.0
1547,6,467.9,282.3,47.4,34.6,45.0
1547,7,394.4,287.5,48.6,23.7,45.0
1547,8,189.0,265.2,1.0,0.0,18.0
1549,5,144.2,347.0,19.1,3.4,45.0
1549,6,467.0,282.9,47.4,44.4,45.0
1549,7,397.8,285.4,48.0,37.6,45.0
1549,8,189.7,266.1,2.2,90.0,18.0
1551,5,143.8,347.4,20.1,3.7,45.0
1551,6,465.7,284.4,46.9,50.3,45.0
1551,7,397.7,284.7,48.4,38.6,45.0
1551,8,189.9,265.7,1.4,90.0,18.0
1553,5,143.7,347.5,21.2,18.4,45.0
1553,6,465.2,285.1,47.0,57.5,45.0
1553,7,397.3,284.5,47.0,36.9,45.0
1553,8,190.0,265.6,2.2,0.0,18.0
1555,5,143.4,346.6,20.0,11.9,45.0
1555,6,464.4,285.0,47.6,60.5,45.0
1555,7,399.8,286.8,42.1,51.0,45.0
1555,8,190.0,265.5,2.2,0.0,18.0
1557,5,142.9,346.9,21.0,0.0,45.0
1557,6,464.1,288.2,45.3,69.9,45.0
1557,7,402.1,282.1,44.0,54.9,45.0
1557,8,190.4,265.9,2.2,161.6,18.0
1559,5,141.5,347.6,22.0,4.8,45.0
1559,6,462.1,287.5,48.3,55.9,45.0
1559,7,405.3,280.0,46.3,60.0,45.0
1559,8,190.5,266.6,2.8,116.6,18.0
1561,5,141.6,346.6,22.0,5.2,45.0
1561,6,461.7,288.8,48.3,57.0,45.0
1561,7,406.1,278.6,47.1,61.4,45.0
1561,8,190.5,266.9,3.6,71.6,18.0
1563,5,142.3,346.2,19.0,30.9,45.0
1563,6,461.2,289.7,45.6,64.0,45.0
1563,7,406.3,278.1,44.7,77.5,45.0
1563,8,189.6,266.4,3.6,18.4,18.0
1565,5,142.0,345.4,20.1,0.0,45.0
1565,6,459.1,291.3,46.8,59.2,45.0
1565,7,407.4,276.6,46.4,72.3,45.0
1565,8,190.5,266.8,4.5,0.0,18.0
1567,5,139.5,346.1,23.0,10.4,45.0
1567,6,457.7,291.2,49.0,57.1,45.0
1567,7,409.5,274.8,46.2,84.6,45.0
1567,8,190.5,266.6,4.5,0.0,18.0
1569,5,140.0,345.7,21.1,10.3,45.0
1569,6,458.5,292.5,46.2,65.3,45.0
1569,7,410.1,275.6,44.0,83.1,45.0
1569,8,191.2,266.6,4.5,26.6,18.5
1571,5,139.5,345.2,20.2,16.7,45.0
1571,6,456.3,294.3,46.8,69.9,45.0
1571,7,411.4,272.6,46.0,79.2,45.0
1571,8,191.5,265.9,3.0,0.0,18.5
1573,5,139.6,345.0,20.0,5.2,45.0
1573,6,456.1,295.0,45.4,75.6,45.0
1573,7,411.8,271.5,46.0,86.2,45.0
1573,8,191.5,265.6,2.0,180.0,18.0
1575,5,137.4,344.6,22.1,0.0,45.0
1575,6,455.4,294.5,45.1,77.8,45.0
1575,7,411.9,273.1,43.0,81.4,45.0
1575,8,189.3,265.2,1.0,180.0,18.0
1577,5,137.9,342.9,21.6,6.4,45.0
1577,6,456.4,296.0,39.6,88.3,45.0
1577,7,413.9,268.1,48.4,79.1,45.0
1577,8,187.7,264.7,2.2,45.0,18.0
1579,5,138.8,341.5,20.6,21.8,45.0
1579,6,456.5,297.2,38.1,86.7,45.0
1579,7,415.0,266.6,48.8,71.0,45.0
1579,8,186.5,264.5,4.1,26.6,18.0
1581,5,137.5,341.4,21.8,11.5,45.0
1581,6,454.0,300.6,40.0,88.3,45.0
1581,7,415.6,265.4,50.2,66.0,45.0
1581,8,186.1,264.8,4.1,26.6,18.0
1583,5,137.0,341.6,20.9,17.1,45.0
1583,6,452.7,302.2,38.5,80.5,45.0
1583,7,415.8,264.7,48.5,65.8,45.0
1583,8,185.9,264.6,5.1,14.0,18.0
1585,5,135.2,342.4,21.8,14.5,45.0
1585,6,451.0,304.0,39.1,84.1,45.0
1585,7,416.2,261.8,50.7,61.6,45.0
1585,8,185.5,264.8,5.0,59.0,18.0
1587,5,136.1,341.4,20.6,41.6,45.0
1587,6,443.1,306.0,45.9,73.9,45.0
1587,7,416.3,261.1,49.5,54.6,45.0
1587,8,184.1,265.6,5.1,101.3,18.0
1589,5,134.9,341.7,22.6,38.1,45.0
1589,6,440.8,308.4,51.3,58.5,45.0
1589,7,420.7,259.2,51.6,52.5,45.0
1589,8,184.2,265.8,5.1,90.0,18.0
1591,5,135.1,342.1,21.4,36.4,45.0
1591,6,441.7,313.2,52.8,59.3,45.0
1591,7,422.9,260.3,51.0,53.9,45.0
1591,8,184.3,266.0,5.1,135.0,18.0
1593,5,135.2,342.3,20.6,21.8,45.0
1593,6,442.1,315.0,52.2,55.4,45.0
1593,7,423.7,260.1,50.5,45.7,45.0
1593,8,184.3,266.0,4.5,144.0,18.0
1595,5,135.3,341.7,20.9,31.1,45.0
1595,6,439.6,314.9,53.5,37.6,45.0
1595,7,425.3,260.0,51.6,36.0,45.0
1595,8,186.7,266.0,2.8,139.4,18.0
1597,5,133.6,341.5,21.6,41.3,45.0
1597,6,441.9,312.9,51.9,39.7,45.0
1597,7,426.5,262.6,48.8,34.1,45.0
1597,8,187.9,265.7,1.0,164.7,18.0
1599,5,133.7,338.2,21.5,45.0,45.0
1599,6,442.0,314.6,50.8,41.6,45.0
1599,7,427.9,264.3,48.4,35.8,45.0
1599,8,187.7,265.2,0.0,180.0,18.0
1601,5,131.1,336.5,23.3,42.3,45.0
1601,6,442.3,315.3,50.6,40.4,45.0
1601,7,425.2,268.2,44.0,41.7,45.0
1601,8,187.3,264.7,1.0,161.6,18.0
1603,5,130.1,336.0,24.7,47.0,45.0
1603,6,442.5,315.5,49.8,37.0,45.0
1603,7,424.1,269.7,44.6,35.6,45.0
1603,8,187.1,264.5,1.0,164.7,18.0
1605,5,126.8,334.8,27.7,42.7,45.0
1605,6,443.9,314.5,46.2,43.4,45.0
1605,7,425.6,268.4,43.9,35.8,45.0
1605,8,185.1,262.8,4.2,167.9,18.0
1607,5,128.0,335.0,24.2,27.3,45.0
1607,6,443.2,317.1,46.7,35.1,45.0
1607,7,426.4,269.5,46.2,28.4,45.0
1607,8,183.7,262.5,5.8,171.9,18.0
1609,5,126.7,334.2,25.5,40.2,45.0
1609,6,442.9,318.0,46.0,29.3,45.0
1609,7,430.3,269.9,47.4,41.2,45.0
1609,8,180.9,261.8,8.9,160.0,18.0
1611,5,124.3,333.5,27.7,38.7,45.0
1611,6,443.8,318.0,45.3,31.1,45.0
1611,7,430.5,271.3,45.5,52.8,45.0
1611,8,178.2,260.5,11.2,159.0,18.0
1613,5,123.4,333.3,27.7,33.0,45.0
1613,6,443.8,318.0,46.1,28.8,45.0
1613,7,430.5,271.9,46.6,40.3,45.0
1613,8,177.1,260.0,12.1,157.4,18.5
1615,5,123.8,334.2,27.3,14.5,45.0
1615,6,444.5,317.6,45.6,20.2,45.0
1615,7,434.0,273.7,47.4,65.5,45.0
1615,8,175.8,260.2,13.9,26.6,19.2
1617,5,125.0,334.3,25.5,2.6,45.0
1617,6,443.8,319.4,47.4,8.9,45.0
1617,7,435.4,274.4,48.5,68.1,45.0
1617,8,177.2,260.9,12.1,2.6,20.2
1619,5,124.8,334.0,25.1,7.6,45.0
1619,6,446.5,321.1,46.1,21.7,45.0
1619,7,438.4,275.0,48.7,68.8,45.0
1619,8,177.8,263.8,11.2,20.2,21.1
1621,5,125.0,333.2,25.1,11.9,45.0
1621,6,447.5,321.0,44.8,23.5,45.0
1621,7,439.6,276.1,48.1,76.3,45.0
1621,8,180.1,265.6,8.1,11.3,21.7
1623,5,125.2,332.9,23.9,28.3,45.0
1623,6,447.6,320.9,42.5,30.0,45.0
1623,7,440.0,276.6,47.8,83.7,45.0
1623,8,181.0,266.3,9.1,35.8,22.3
1625,5,124.6,332.5,24.4,4.9,45.0
1625,6,448.6,321.9,43.4,63.4,45.0
1625,7,442.4,278.7,48.8,82.9,45.0
1625,8,182.7,265.5,7.0,0.0,22.6
1627,5,123.4,332.0,25.8,8.3,45.0
1627,6,450.9,322.2,43.1,80.5,45.0
1627,7,444.2,280.1,47.3,89.7,45.0
1627,8,183.6,265.2,6.1,11.3,22.6
1629,5,123.9,331.6,25.6,10.5,45.0
1629,6,449.8,323.3,42.2,78.3,45.0
1629,7,443.9,281.6,46.1,88.8,45.0
1629,8,182.6,264.8,7.1,26.6,22.9
1631,5,122.8,331.0,26.4,8.2,45.0
1631,6,448.7,325.0,43.5,67.0,45.0
1631,7,446.9,282.8,49.0,86.4,45.0
1631,8,179.0,264.9,11.0,31.3,24.2
1633,5,122.5,330.9,26.4,8.2,45.0
1633,6,448.3,325.6,43.1,80.1,45.0
1633,7,448.1,283.3,49.1,90.0,45.0
1633,8,177.6,265.0,13.0,26.6,26.8
1635,5,122.7,329.8,26.2,18.4,45.0
1635,6,450.1,324.5,38.6,80.7,45.0
1635,7,449.8,281.8,47.0,79.4,45.0
1635,8,174.5,262.8,16.3,13.0,45.0
1637,5,123.1,330.5,24.8,9.7,45.0
1637,6,453.1,326.4,40.0,82.9,45.0
1637,7,451.4,283.1,46.2,72.7,45.0
1637,8,171.7,260.9,19.9,1.1,45.0
1639,5,122.9,330.4,24.8,11.3,45.0
1639,6,453.2,327.7,39.8,77.6,45.0
1639,7,451.6,285.9,45.5,60.9,45.0
1639,8,171.3,260.2,19.9,19.7,45.0
1641,5,120.6,329.7,27.8,11.5,45.0
1641,6,453.9,328.5,39.8,76.4,45.0
1641,7,455.0,289.6,49.2,60.3,45.0
1641,8,173.0,260.3,17.1,29.1,45.0
1643,5,119.7,329.1,27.2,0.7,45.0
1643,6,454.2,328.8,37.3,73.0,45.0
1643,7,456.2,290.9,51.0,59.3,45.0
1643,8,173.8,260.6,18.0,29.2,45.0
1645,5,118.4,328.9,27.7,4.6,45.0
1645,6,455.2,327.1,36.1,78.5,45.0
1645,7,455.6,294.3,50.2,57.2,45.0
1645,8,176.0,261.1,14.9,21.6,45.0
1647,5,118.9,327.5,27.7,0.9,45.0
1647,6,455.6,332.0,39.1,76.6,45.0
1647,7,456.9,296.2,50.6,62.8,45.0
1647,8,180.2,264.3,11.2,114.4,45.0
1649,5,119.1,327.7,26.9,11.5,45.0
1649,6,460.9,340.2,46.2,66.1,45.0
1649,7,456.4,296.2,51.0,46.9,45.0
1649,8,180.8,265.8,11.0,132.8,45.0
1651,5,116.9,325.1,30.5,11.9,45.0
1651,6,461.6,343.6,49.3,64.2,45.0
1651,7,457.8,298.2,53.3,45.0,45.0
1651,8,181.4,266.7,10.0,143.3,45.0
1653,5,116.1,324.1,29.0,19.5,45.0
1653,6,462.2,344.8,50.5,59.3,45.0
1653,7,458.6,298.9,53.2,46.2,45.0
1653,8,181.2,267.0,8.2,150.3,45.0
1655,5,116.8,324.8,27.7,19.7,45.0
1655,6,461.9,345.5,50.2,63.1,45.0
1655,7,458.6,300.4,55.2,33.2,45.0
1655,8,180.5,266.8,7.3,138.4,45.0
1657,5,118.4,325.4,25.6,23.4,45.0
1657,6,468.3,342.7,46.6,69.0,45.0
1657,7,457.9,300.9,54.8,35.4,45.0
1657,8,178.2,266.4,8.2,114.8,45.0
1659,5,118.1,325.0,24.8,15.1,45.0
1659,6,469.7,343.8,45.9,60.4,45.0
1659,7,458.6,302.1,56.7,29.2,45.0
1659,8,172.5,263.6,14.0,23.5,45.0
1661,5,116.3,324.9,27.0,4.8,45.0
1661,6,466.9,347.0,47.1,50.7,45.0
1661,7,454.8,301.1,53.8,32.5,45.0
1661,8,169.3,262.2,16.1,41.8,45.0
1663,5,115.6,325.2,26.2,4.4,45.0
1663,6,465.8,347.3,45.5,39.9,45.0
1663,7,453.4,300.7,53.8,30.3,45.0
1663,8,168.1,261.7,17.3,34.4,45.0
1665,5,117.0,322.3,26.9,24.3,45.0
1665,6,469.0,346.0,47.2,13.2,45.0
1665,7,453.5,302.2,55.2,33.6,45.0
1665,8,167.0,260.8,17.7,17.4,45.0
1667,5,116.6,322.6,26.2,9.9,45.0
1667,6,471.0,347.6,49.8,11.5,45.0
1667,7,453.5,303.4,55.0,21.8,45.0
1667,8,166.6,259.8,19.0,9.2,45.0
1669,5,116.1,323.1,26.9,12.9,45.0
1669,6,470.5,349.1,46.2,12.3,45.0
1669,7,452.5,306.4,54.9,33.5,45.0
1669,8,166.2,260.4,18.7,5.8,45.0
1671,5,115.9,322.6,28.3,6.1,45.0
1671,6,470.1,348.7,44.0,15.1,45.0
1671,7,451.5,308.9,55.6,40.5,45.0
1671,8,169.2,261.0,16.2,10.6,45.0
1673,5,116.2,322.7,26.9,6.7,45.0
1673,6,470.0,349.1,46.1,10.5,45.0
1673,7,451.1,310.1,56.4,44.9,45.0
1673,8,170.5,261.6,16.8,4.4,45.0
1675,5,116.3,321.5,26.2,4.4,45.0
1675,6,470.2,347.9,45.5,1.6,45.0
1675,7,449.3,309.1,52.3,54.4,45.0
1675,8,170.0,263.4,17.1,88.9,45.0
1677,5,115.7,321.7,24.8,16.1,45.0
1677,6,471.6,348.5,45.3,2.1,45.0
1677,7,446.9,309.3,48.8,60.6,45.0
1677,8,172.1,264.8,15.0,121.4,45.0
1679,5,115.2,321.8,21.9,25.5,45.0
1679,6,473.4,347.7,44.6,6.2,45.0
1679,7,444.7,313.1,48.8,76.7,45.0
1679,8,173.3,265.3,14.0,105.9,45.0
1681,5,116.6,319.8,21.3,44.7,45.0
1681,6,473.4,347.7,44.6,2.3,45.0
1681,7,444.0,312.1,47.0,87.3,45.0
1681,8,173.1,267.1,14.3,105.9,45.0
1683,5,117.2,319.1,17.5,46.8,45.0
1683,6,473.5,347.7,44.6,0.7,45.0
1683,7,443.0,311.6,46.6,84.3,45.0
1683,8,173.0,267.8,13.0,69.8,45.0
1685,5,115.7,318.2,20.8,29.9,45.0
1685,6,475.6,350.2,46.0,5.9,45.0
1685,7,440.4,314.5,47.1,89.6,45.0
1685,8,174.0,267.1,11.2,10.5,45.0
1687,5,116.2,317.2,19.7,28.3,45.0
1687,6,478.4,348.6,46.9,26.7,47.0
1687,7,437.4,319.0,49.5,84.7,45.0
1687,8,174.7,267.5,8.5,71.6,45.0
1689,5,117.4,316.5,18.4,51.3,45.0
1689,6,479.2,347.7,46.2,41.7,48.9
1689,7,436.0,320.5,49.4,88.7,45.0
1689,8,174.9,267.9,8.1,108.4,45.0
1691,5,116.5,316.6,18.4,37.9,45.0
1691,6,481.3,347.0,47.8,48.9,49.9
1691,7,434.2,319.5,48.2,94.9,45.0
1691,8,175.7,268.1,8.2,110.3,45.0
1693,5,116.1,316.7,19.3,35.0,45.0
1693,6,482.1,346.7,47.8,56.0,50.1
1693,7,433.6,319.2,46.0,94.4,45.0
1693,8,176.0,268.1,8.0,108.0,45.0
1695,5,116.7,316.1,19.7,21.2,45.0
1695,6,482.1,345.0,46.3,34.5,51.4
1695,7,431.1,322.4,48.2,90.0,45.0
1695,8,176.4,268.1,8.1,54.5,45.0
1697,5,117.2,315.2,19.3,31.2,45.0
1697,6,482.7,343.7,42.2,43.7,51.6
1697,7,429.5,327.7,53.8,84.8,45.0
1697,8,175.9,268.8,5.4,121.0,45.0
1699,5,117.8,312.5,22.5,49.8,45.0
1699,6,485.5,345.8,45.5,60.9,51.6
1699,7,427.7,329.9,54.3,74.9,45.0
1699,8,172.3,268.0,8.5,131.8,45.0
1701,5,116.9,313.3,21.0,59.8,45.0
1701,6,485.9,345.3,45.5,62.0,51.4
1701,7,425.7,329.9,54.8,74.3,45.0
1701,8,169.4,268.1,11.2,120.7,45.0
1703,5,116.6,313.6,20.6,28.7,45.0
1703,6,486.0,345.1,44.9,54.5,51.2
1703,7,425.0,329.8,53.8,70.7,45.0
1703,8,168.3,268.1,14.3,115.6,45.0
1705,5,116.5,313.7,20.2,35.0,45.0
1705,6,486.0,342.1,41.2,68.4,48.1
1705,7,426.5,329.4,52.2,67.5,45.0
1705,8,166.9,266.4,17.0,109.4,45.0
1707,5,116.2,310.7,22.1,41.2,45.0
1707,6,487.3,343.5,42.9,70.5,45.0
1707,7,422.0,332.4,55.5,69.8,45.0
1707,8,168.0,263.5,15.0,122.5,45.0
1709,5,117.0,310.7,21.6,47.3,45.0
1709,6,488.4,341.8,43.1,67.5,45.0
1709,7,419.8,331.6,55.9,65.2,45.0
1709,8,166.8,263.7,13.0,66.8,45.0
1711,5,118.4,312.4,18.4,48.2,45.0
1711,6,489.4,341.2,44.0,70.6,45.0
1711,7,418.8,331.9,56.6,63.9,45.0
1711,8,166.4,264.8,11.0,60.1,45.0
1713,5,118.9,313.0,16.5,50.9,45.0
1713,6,489.8,341.0,42.2,69.2,45.0
1713,7,418.4,332.0,58.8,54.6,45.0
1713,8,166.3,265.2,8.5,12.5,45.0
1715,5,118.0,309.6,21.6,55.7,45.0
1715,6,491.9,341.5,40.9,70.0,45.0
1715,7,417.0,332.3,59.6,40.7,45.0
1715,8,169.2,264.7,4.5,104.0,45.0
1717,5,117.4,309.7,21.6,47.3,45.0
1717,6,493.3,339.8,41.8,66.8,45.0
1717,7,415.6,329.8,56.9,47.1,45.0
1717,8,170.3,265.5,5.1,111.8,45.0
1719,5,121.4,309.1,20.0,48.4,45.0
1719,6,494.4,339.2,42.4,64.4,45.0
1719,7,414.4,328.5,55.9,35.6,45.0
1719,8,171.4,265.8,5.4,135.0,45.0
1721,5,122.9,307.5,22.2,33.9,45.0
1721,6,496.8,338.9,43.2,66.4,45.0
1721,7,415.3,325.7,53.9,31.7,45.0
1721,8,172.2,265.6,5.1,153.4,45.0
1723,5,123.5,307.6,21.6,52.7,45.0
1723,6,497.7,338.8,43.4,77.6,45.0
1723,7,416.0,324.6,50.0,31.3,45.0
1723,8,172.4,265.5,5.7,126.9,45.0
1725,5,123.7,304.7,23.5,39.6,45.0
1725,6,497.7,335.6,42.2,70.8,45.0
1725,7,414.0,324.8,50.5,34.6,45.0
1725,8,172.5,265.8,8.1,71.6,45.0
1727,5,121.0,305.7,22.0,25.6,45.0
1727,6,497.0,332.7,36.9,61.6,45.0
1727,7,415.0,323.3,49.9,42.4,45.0
1727,8,173.6,267.3,7.3,18.4,45.0
1729,5,123.4,305.0,21.2,32.5,45.0
1729,6,496.6,334.0,36.4,49.4,45.0
1729,7,410.8,323.0,53.2,32.9,45.0
1729,8,174.6,267.8,7.1,63.4,45.0
1731,5,123.6,301.6,24.0,25.0,45.0
1731,6,497.1,332.2,37.0,48.7,45.0
1731,7,409.9,322.0,54.1,35.3,45.0
1731,8,175.6,268.0,6.0,99.5,45.0
1733,5,123.7,300.2,25.0,23.6,45.0
1733,6,497.6,331.5,38.6,38.2,45.0
1733,7,409.5,321.6,53.3,41.8,45.0
1733,8,176.0,268.1,4.5,0.0,45.0
1735,5,123.4,299.7,26.5,26.3,45.0
1735,6,499.4,330.6,33.2,41.5,45.0
1735,7,407.8,319.5,53.5,63.9,45.0
1735,8,176.1,268.4,2.8,146.3,45.0
1737,5,123.5,299.6,26.5,29.2,45.0
1737,6,501.7,329.6,34.9,52.1,45.0
1737,7,407.9,318.0,53.5,69.9,45.0
1737,8,173.8,269.2,6.1,45.0,45.0
1739,5,124.3,297.6,28.2,26.6,45.0
1739,6,500.3,326.7,40.0,45.7,45.0
1739,7,406.9,315.9,50.0,80.4,45.0
1739,8,172.0,267.5,5.4,116.6,45.0
1741,5,124.9,294.3,32.3,18.1,45.0
1741,6,502.7,326.9,42.5,44.5,45.0
1741,7,403.1,314.7,51.9,80.3,45.0
1741,8,170.3,266.2,5.4,135.0,39.9
1743,5,124.8,293.4,29.8,28.1,45.0
1743,6,503.2,327.3,39.8,28.9,45.0
1743,7,401.9,314.7,53.4,76.0,45.0
1743,8,169.7,266.0,6.3,99.5,29.0
1745,5,125.7,295.3,28.5,31.0,45.0
1745,6,504.0,328.2,38.1,27.4,45.0
1745,7,403.1,313.7,51.0,88.7,45.0
1745,8,166.5,266.0,6.0,40.6,24.2
1747,5,125.3,296.1,28.5,25.3,45.0
1747,6,505.0,326.6,41.0,19.2,45.0
1747,7,400.8,311.4,52.2,83.6,45.0
1747,8,169.9,266.6,6.7,45.0,22.6
1749,5,125.9,294.8,29.7,4.6,45.0
1749,6,503.1,325.0,40.2,28.6,45.0
1749,7,404.1,311.2,47.1,89.9,45.0
1749,8,169.6,266.5,6.0,93.2,21.7
1751,5,125.8,296.3,27.5,9.9,45.0
1751,6,504.2,325.1,42.4,20.8,45.0
1751,7,397.7,309.5,54.0,78.8,45.0
1751,8,171.7,266.8,5.1,123.7,20.9
1753,5,125.7,296.9,26.6,18.8,45.0
1753,6,504.6,325.1,40.5,35.0,45.0
1753,7,395.2,308.9,54.0,83.2,45.0
1753,8,172.6,266.9,3.6,101.3,20.2
1755,5,126.3,296.2,27.3,25.2,45.0
1755,6,507.4,324.2,43.3,24.7,45.0
1755,7,393.9,309.3,53.0,75.1,45.0
1755,8,171.6,267.6,3.2,90.0,20.0
1757,5,128.5,293.9,30.9,2.9,45.0
1757,6,507.8,321.5,42.8,33.3,45.0
1757,7,391.6,306.6,53.5,70.3,45.0
1757,8,171.5,268.2,3.6,90.0,20.0
1759,5,128.4,293.4,28.6,3.4,45.0
1759,6,506.2,321.6,42.0,38.2,45.0
1759,7,393.0,304.9,51.6,67.3,45.0
1759,8,173.2,267.8,0.0,180.0,19.4
1761,5,128.3,294.2,27.3,5.5,45.0
1761,6,506.9,320.9,42.6,42.9,45.0
1761,7,395.1,302.7,48.8,72.6,45.0
1761,8,173.4,268.3,1.0,171.9,19.0
1763,5,128.2,294.6,27.3,3.2,45.0
1763,6,507.2,320.7,43.9,22.0,45.0
1763,7,395.7,301.5,46.8,71.5,45.0
1763,8,173.5,268.5,1.0,171.9,18.8
1765,5,129.5,293.4,27.3,18.4,45.0
1765,6,508.2,318.1,42.4,7.8,45.0
1765,7,390.1,300.2,50.3,56.0,45.0
1765,8,174.2,268.2,1.0,135.0,18.4
1767,5,131.2,293.3,26.9,5.1,45.0
1767,6,509.9,315.7,43.9,14.7,45.0
1767,7,386.4,296.7,55.5,54.9,45.0
1767,8,173.5,268.8,1.4,0.0,18.1
1769,5,132.6,293.6,28.0,23.3,45.0
1769,6,512.9,314.2,44.6,9.0,45.0
1769,7,386.0,295.1,54.6,51.9,45.0
1769,8,170.2,271.0,5.4,121.0,18.0
1771,5,132.1,292.7,28.8,24.7,45.0
1771,6,513.6,311.4,46.8,6.3,46.9
1771,7,384.5,292.6,55.9,54.0,45.0
1771,8,166.7,269.1,9.1,174.3,18.2
1773,5,131.9,292.4,28.3,26.4,45.0
1773,6,514.2,310.4,46.7,13.7,48.4
1773,7,384.1,291.7,56.3,43.5,45.0
1773,8,166.0,268.4,10.0,0.0,18.5
1775,5,134.7,291.7,29.4,33.4,45.0
1775,6,512.0,310.4,44.6,23.5,48.9
1775,7,384.9,291.1,57.6,27.3,45.0
1775,8,164.2,268.8,11.0,32.9,18.9
1777,5,134.2,292.4,26.2,38.4,45.0
1777,6,513.8,308.4,46.4,2.5,49.6
1777,7,385.6,287.9,59.4,19.4,45.0
1777,8,164.1,267.7,8.1,45.0,19.0
1779,5,134.3,293.0,27.7,55.9,45.0
1779,6,517.2,306.8,50.4,5.0,50.5
1779,7,386.3,286.1,58.1,24.4,45.0
1779,8,165.4,269.5,4.1,147.5,18.9
1781,5,133.3,292.6,27.0,61.9,45.0
1781,6,515.1,305.2,49.4,14.8,50.3
1781,7,391.6,285.9,55.6,39.0,45.0
1781,8,168.2,268.3,0.0,180.0,18.6
1783,5,132.9,292.4,26.4,40.2,45.0
1783,6,514.2,304.6,47.2,29.5,50.5
1783,7,393.6,285.8,55.0,35.5,45.0
1783,8,169.3,267.8,3.2,123.7,18.5
1785,5,136.0,291.1,26.9,30.7,45.0
1785,6,517.3,300.8,52.4,18.4,50.8
1785,7,391.0,283.2,58.0,25.3,45.0
1785,8,165.4,270.2,7.3,78.7,18.5
1787,5,136.5,287.7,29.8,31.0,45.0
1787,6,519.0,301.5,50.6,9.5,51.0
1787,7,392.7,281.9,56.8,15.1,45.0
1787,8,164.7,271.8,8.2,90.0,18.6
1789,5,137.7,290.0,29.8,36.1,45.0
1789,6,515.7,301.1,47.7,18.5,51.0
1789,7,394.7,279.5,57.3,38.0,45.0
1789,8,170.0,271.1,8.1,79.5,18.7
1791,5,137.5,287.6,32.2,30.7,45.0
1791,6,516.7,300.7,48.3,19.4,51.2
1791,7,396.1,278.3,57.4,46.9,45.0
1791,8,173.7,270.4,8.6,66.5,18.9
1793,5,137.4,286.7,29.8,16.1,45.0
1793,6,517.0,300.5,48.5,20.6,51.3
1793,7,396.5,278.0,58.9,51.6,45.0
1793,8,175.1,270.2,8.5,19.4,19.2
1795,5,137.3,290.8,27.6,37.1,45.0
1795,6,516.5,299.9,46.1,15.6,51.4
1795,7,399.4,275.2,56.3,60.7,45.0
1795,8,175.9,269.4,6.4,57.5,19.6
1797,5,141.5,293.8,25.6,66.4,45.0
1797,6,513.0,298.7,45.2,16.8,51.4
1797,7,401.1,273.2,56.5,58.7,45.0
1797,8,174.5,268.2,4.2,0.0,19.6
1799,5,140.8,294.3,22.2,65.2,45.0
1799,6,514.0,295.6,46.2,13.4,51.6
1799,7,403.1,273.7,53.4,56.4,45.0
1799,8,170.1,269.3,4.5,90.0,20.2
1801,5,140.2,293.5,22.0,64.2,45.0
1801,6,513.7,294.5,46.8,16.1,51.7
1801,7,405.8,272.5,53.0,60.0,45.0
1801,8,169.0,269.1,5.0,94.4,20.7
1803,5,139.9,293.5,19.4,61.4,45.0
1803,6,513.5,294.1,44.0,21.1,51.7
1803,7,406.7,272.1,52.6,74.7,45.0
1803,8,168.6,269.0,5.7,114.2,21.1
1805,5,144.7,297.7,25.3,64.6,45.0
1805,6,510.5,293.3,41.4,34.8,51.7
1805,7,407.3,272.4,51.5,87.2,45.0
1805,8,166.8,268.7,7.1,90.0,22.0
1807,5,142.8,296.0,21.0,69.8,45.0
1807,6,508.7,290.8,44.6,49.6,51.7
1807,7,409.8,269.8,54.0,84.5,45.0
1807,8,166.2,268.2,8.1,63.4,22.9
1809,5,142.5,294.8,20.2,56.3,45.0
1809,6,509.4,289.2,44.6,47.6,51.8
1809,7,411.4,267.2,54.0,88.0,45.0
1809,8,164.9,269.0,11.2,12.5,24.2
1811,5,146.6,296.6,23.3,59.9,45.0
1811,6,507.3,288.6,44.1,56.6,52.6
1811,7,413.6,262.8,59.1,84.8,45.0
1811,8,165.2,270.0,11.2,63.4,24.7
1813,5,147.8,297.3,24.1,60.8,45.0
1813,6,506.6,288.1,42.6,48.3,51.9
1813,7,414.3,261.4,58.4,84.4,45.0
1813,8,165.9,270.4,11.2,116.6,25.3
1815,5,145.9,296.2,22.2,52.5,45.0
1815,6,506.3,287.7,42.3,48.2,51.5
1815,7,415.2,266.6,52.6,90.4,45.0
1815,8,163.9,270.2,10.0,84.1,24.7
1817,5,144.5,295.5,20.1,43.3,45.0
1817,6,506.3,286.5,40.4,69.2,47.5
1817,7,418.5,260.5,56.3,85.5,45.0
1817,8,164.2,270.8,7.6,26.6,24.7
1819,5,144.6,293.5,20.0,17.7,45.0
1819,6,504.2,286.5,40.0,61.8,45.0
1819,7,419.3,259.5,57.3,69.6,45.0
1819,8,162.9,271.0,8.9,26.6,26.0
1821,5,148.2,292.8,24.0,7.1,45.0
1821,6,501.9,286.2,41.0,61.4,45.0
1821,7,421.9,255.8,62.3,58.4,45.0
1821,8,163.1,271.1,7.8,56.3,30.6
1823,5,148.3,292.5,23.2,26.2,45.0
1823,6,501.3,286.9,42.1,73.7,45.0
1823,7,422.8,254.8,62.0,71.2,45.0
1823,8,162.2,270.4,6.4,78.7,36.0
1825,5,148.7,293.1,23.2,65.9,45.0
1825,6,502.6,287.1,39.1,81.5,45.0
1825,7,425.8,255.2,61.3,66.7,45.0
1825,8,165.7,269.5,5.0,161.6,32.9
1827,5,149.1,293.3,24.0,41.1,45.0
1827,6,501.7,286.9,39.1,69.6,45.0
1827,7,427.2,255.3,60.5,71.3,45.0
1827,8,166.6,268.1,3.6,138.2,29.0
1829,5,152.1,295.6,27.0,64.9,45.0
1829,6,500.0,282.8,43.2,67.3,45.0
1829,7,428.9,256.7,61.4,57.3,45.0
1829,8,170.7,267.0,1.4,161.6,25.3
1831,5,149.3,296.3,24.0,79.6,45.0
1831,6,499.8,280.0,46.3,68.1,45.0
1831,7,430.8,262.0,58.6,63.0,45.0
1831,8,170.1,266.6,2.0,165.5,23.7
1833,5,148.9,296.5,22.0,57.2,45.0
1833,6,500.0,279.3,45.5,58.5,45.0
1833,7,431.6,261.0,62.0,54.9,45.0
1833,8,172.8,262.8,5.1,139.8,22.9
1835,5,149.4,300.2,22.1,41.2,45.0
1835,6,498.1,280.4,42.0,54.4,45.0
1835,7,432.7,260.6,61.6,50.4,45.0
1835,8,175.1,261.7,8.1,81.9,23.3
1837,5,149.3,301.2,22.5,33.1,45.0
1837,6,495.3,278.4,44.4,61.7,45.0
1837,7,436.7,263.0,60.1,53.6,45.0
1837,8,176.3,261.0,6.7,160.6,23.7
1839,5,145.9,300.9,18.0,59.2,45.0
1839,6,494.4,280.9,41.8,68.7,45.0
1839,7,437.8,262.0,58.0,54.2,45.0
1839,8,176.1,260.8,8.5,141.9,24.7
1841,5,145.3,301.5,18.4,58.3,45.0
1841,6,494.5,280.1,42.1,66.6,45.0
1841,7,438.2,264.9,56.7,55.2,45.0
1841,8,174.3,263.7,5.1,146.3,24.7
1843,5,145.4,301.3,17.9,61.0,45.0
1843,6,494.6,279.9,41.4,53.4,45.0
1843,7,438.3,266.0,58.8,47.8,45.0
1843,8,173.6,265.2,3.2,156.8,24.2
1845,5,148.3,302.9,19.2,29.7,45.0
1845,6,492.6,276.4,42.5,46.5,45.0
1845,7,443.1,267.1,64.0,46.2,45.0
1845,8,173.0,265.4,3.2,153.4,23.3
1847,5,148.5,301.4,17.9,43.7,45.0
1847,6,493.4,274.1,44.3,40.0,45.0
1847,7,444.3,269.4,64.5,50.6,45.0
1847,8,173.4,266.5,5.0,152.1,22.9
1849,5,150.2,301.6,20.1,35.4,45.0
1849,6,494.0,275.2,40.7,30.4,45.0
1849,7,446.0,271.3,65.5,61.2,45.0
1849,8,173.2,267.9,7.3,155.6,22.3
1851,5,150.9,302.3,21.5,41.7,45.0
1851,6,493.2,272.8,43.4,19.1,45.0
1851,7,448.5,272.6,66.8,62.9,45.0
1851,8,175.5,266.7,9.2,138.4,22.0
1853,5,151.1,302.5,20.2,20.6,45.0
1853,6,492.9,271.9,43.8,26.6,45.0
1853,7,449.5,273.1,67.4,50.5,45.0
1853,8,176.3,266.3,12.2,133.7,22.0
1855,5,149.5,300.0,16.6,22.0,45.0
1855,6,492.8,272.0,42.5,25.4,45.0
1855,7,452.7,277.5,67.7,65.9,45.0
1855,8,175.6,265.4,11.2,114.4,22.3
1857,5,149.5,303.2,18.6,57.7,45.0
1857,6,492.8,272.5,42.2,7.6,45.0
1857,7,454.8,280.1,68.3,70.3,45.0
1857,8,175.3,265.5,10.8,177.4,22.6
1859,5,151.2,302.2,20.6,73.3,45.0
1859,6,487.7,271.6,44.0,6.6,45.0
1859,7,456.6,282.3,65.1,82.6,45.0
1859,8,174.2,265.5,6.7,177.6,22.3
1861,5,150.5,301.1,20.1,77.5,45.0
1861,6,486.9,270.6,44.0,7.3,45.0
1861,7,465.0,295.6,71.7,91.2,45.0
1861,8,174.1,262.8,7.1,169.5,22.3
1863,5,150.3,300.1,17.5,65.3,45.0
1863,6,486.7,270.3,43.1,5.8,45.0
1863,7,468.5,301.3,80.0,85.6,45.0
1863,8,174.1,261.9,12.7,48.4,23.3
1865,5,150.5,303.3,21.3,59.5,45.0
1865,6,485.3,267.5,48.1,10.1,45.0
1865,7,468.9,303.3,79.1,86.1,45.0
1865,8,174.1,261.5,14.1,15.1,26.0
1867,5,151.2,301.8,18.4,77.7,45.0
1867,6,484.5,269.5,44.6,12.6,45.0
1867,7,467.0,303.9,76.8,84.4,45.0
1867,8,173.7,263.6,8.5,36.9,27.8
1869,5,150.5,300.3,18.4,39.1,45.0
1869,6,485.2,269.3,43.8,15.5,45.0
1869,7,468.6,305.0,76.9,75.7,45.0
1869,8,170.9,264.8,6.7,36.9,32.9
1871,5,150.5,301.7,19.8,25.9,45.0
1871,6,483.6,264.1,49.5,9.6,45.0
1871,7,468.8,306.4,77.6,77.1,45.0
1871,8,173.5,265.6,5.4,177.9,36.0
1873,5,150.6,302.3,17.7,23.6,45.0
1873,6,482.3,261.7,51.0,3.4,47.6
1873,7,468.8,306.8,75.6,76.4,45.0
1873,8,174.5,265.9,4.1,166.0,36.0
1875,5,151.9,301.8,12.8,45.0,45.0
1875,6,481.1,263.2,47.4,1.0,50.2
1875,7,466.2,309.2,74.3,72.8,45.0
1875,8,176.2,265.7,3.6,164.1,30.6
1877,5,151.4,301.3,13.0,40.7,45.0
1877,6,480.4,264.2,45.3,10.5,50.9
1877,7,468.0,308.1,73.8,74.0,45.0
1877,8,175.2,265.6,6.4,157.6,30.6
1879,5,152.8,303.4,15.6,42.0,45.0
1879,6,479.2,261.9,47.4,15.3,50.8
1879,7,465.8,310.5,71.0,73.2,45.0
1879,8,175.1,265.2,7.2,113.6,29.0
1881,5,152.7,304.2,17.0,29.9,45.0
1881,6,477.8,261.4,48.8,8.3,50.5
1881,7,464.5,309.1,68.8,69.5,45.0
1881,8,174.4,264.4,7.8,6.3,30.6
1883,5,153.3,304.2,11.4,29.5,45.0
1883,6,477.6,261.6,46.0,1.6,50.6
1883,7,464.1,310.5,68.5,71.9,45.0
1883,8,173.5,264.1,8.1,18.4,39.9
1885,5,152.5,302.5,11.7,25.8,45.0
1885,6,475.6,263.0,43.3,13.2,50.7
1885,7,462.2,313.6,68.9,67.8,45.0
1885,8,174.8,261.7,10.6,62.7,45.0
1887,5,152.6,306.7,15.6,27.0,45.0
1887,6,474.5,264.1,43.0,14.2,50.6
1887,7,462.8,316.7,70.7,63.9,45.0
1887,8,176.9,261.4,14.4,50.9,45.0
1889,5,152.6,304.6,10.0,11.3,45.0
1889,6,473.5,264.9,41.6,27.0,50.6
1889,7,461.0,315.4,71.5,57.2,45.0
1889,8,177.1,260.7,15.6,49.8,45.0
